0 0.0412591 13246.3 -2.37083e-09 
1 0.164988 13246.2 1.94773e-08 
2 0.371013 13246 1.07296e-08 
3 0.658998 13245.7 -4.51169e-09 
4 1.02846 13245.3 -6.0614e-08 
5 1.47874 13244.9 -1.79399e-08 
6 2.00905 13244.3 -2.36234e-08 
7 2.61845 13243.7 -1.14062e-07 
8 3.30583 13243 -1.80108e-07 
9 4.06996 13242.3 -2.77195e-07 
10 4.90948 13241.4 -3.00379e-07 
11 5.82287 13240.5 -3.80489e-07 
12 6.80851 13239.5 -3.71001e-07 
13 7.86465 13238.5 -4.40855e-07 
14 8.98943 13237.4 -2.87519e-07 
15 10.1809 13236.2 -4.81412e-07 
16 11.4369 13234.9 -4.8697e-07 
17 12.7554 13233.6 -5.69276e-07 
18 14.1341 13232.2 -5.49258e-07 
19 15.5707 13230.8 -4.21905e-07 
20 17.0628 13229.3 -6.26526e-07 
21 18.6079 13227.7 -7.05885e-07 
22 20.2036 13226.1 -6.49559e-07 
23 21.8473 13224.5 -7.79755e-07 
24 23.5365 13222.8 -7.10109e-07 
25 25.2687 13221.1 -5.27369e-07 
26 27.0412 13219.3 -2.85386e-07 
27 28.8516 13217.5 -5.03501e-07 
28 30.6973 13215.7 -7.37253e-07 
29 32.5759 13213.8 -9.33736e-07 
30 34.4847 13211.9 -1.20531e-06 
31 36.4214 13209.9 -9.73019e-07 
32 38.3836 13208 -1.28944e-06 
33 40.369 13206 -1.50848e-06 
34 42.3751 13204 -1.87407e-06 
35 44.3999 13201.9 -2.00908e-06 
36 46.4413 13199.9 -2.15721e-06 
37 48.4973 13197.9 -2.33896e-06 
38 50.566 13195.8 -2.59051e-06 
39 52.6456 13193.7 -2.8483e-06 
40 54.7343 13191.6 -2.2801e-06 
41 56.8306 13189.5 -2.206e-06 
42 58.9328 13187.4 -2.3953e-06 
43 61.0395 13185.3 -2.38383e-06 
44 63.1493 13183.2 -2.27871e-06 
45 65.2607 13181.1 -2.48444e-06 
46 67.3727 13179 -2.65574e-06 
47 69.484 13176.9 -3.27783e-06 
48 71.5939 13174.8 -2.89297e-06 
49 73.7015 13172.6 -2.78053e-06 
50 75.806 13170.5 -2.89268e-06 
51 77.9068 13168.4 -3.02696e-06 
52 80.0033 13166.3 -2.66861e-06 
53 82.0949 13164.3 -2.3687e-06 
54 84.1813 13162.2 -2.50851e-06 
55 86.262 13160.1 -3.0241e-06 
56 88.3368 13158 -3.46307e-06 
57 90.4052 13155.9 -3.17005e-06 
58 92.4671 13153.9 -3.5758e-06 
59 94.5222 13151.8 -3.00492e-06 
60 96.5705 13149.8 -3.08702e-06 
61 98.6119 13147.7 -3.40318e-06 
62 100.646 13145.7 -3.92669e-06 
63 102.674 13143.7 -3.93965e-06 
64 104.695 13141.7 -4.51817e-06 
65 106.71 13139.6 -4.77086e-06 
66 108.718 13137.6 -4.80273e-06 
67 110.721 13135.6 -4.23175e-06 
68 112.717 13133.6 -4.15325e-06 
69 114.707 13131.6 -4.82758e-06 
70 116.692 13129.7 -4.88224e-06 
71 118.672 13127.7 -5.1907e-06 
72 120.646 13125.7 -4.37505e-06 
73 122.616 13123.7 -4.09274e-06 
74 124.581 13121.8 -3.29233e-06 
75 126.542 13119.8 -3.23363e-06 
76 128.498 13117.9 -3.34161e-06 
77 130.45 13115.9 -2.88432e-06 
78 132.399 13114 -3.30208e-06 
79 134.344 13112 -3.04124e-06 
80 136.285 13110.1 -3.08593e-06 
81 138.224 13108.1 -4.0739e-06 
82 140.16 13106.2 -4.25025e-06 
83 142.093 13104.3 -4.16466e-06 
84 144.025 13102.3 -4.08616e-06 
85 145.954 13100.4 -3.88288e-06 
86 147.883 13098.5 -3.98228e-06 
87 149.81 13096.5 -4.00614e-06 
88 151.735 13094.6 -3.93072e-06 
89 153.661 13092.7 -4.22592e-06 
90 155.585 13090.8 -4.52471e-06 
91 157.509 13088.8 -4.92886e-06 
92 159.434 13086.9 -5.48103e-06 
93 161.358 13085 -5.88527e-06 
94 163.282 13083.1 -6.33082e-06 
95 165.207 13081.1 -6.47818e-06 
96 167.132 13079.2 -5.97579e-06 
97 169.058 13077.3 -6.04135e-06 
98 170.985 13075.4 -5.72592e-06 
99 172.913 13073.4 -6.11851e-06 
100 174.842 13071.5 -6.03791e-06 
101 176.773 13069.6 -6.23542e-06 
102 178.704 13067.6 -6.18322e-06 
103 180.638 13065.7 -5.85942e-06 
104 182.573 13063.8 -6.78909e-06 
105 184.509 13061.8 -6.97466e-06 
106 186.447 13059.9 -7.56484e-06 
107 188.387 13058 -7.83206e-06 
108 190.328 13056 -7.91699e-06 
109 192.272 13054.1 -6.81997e-06 
110 194.217 13052.1 -6.81078e-06 
111 196.164 13050.2 -6.3685e-06 
112 198.114 13048.2 -5.92936e-06 
113 200.066 13046.3 -7.0747e-06 
114 202.019 13044.3 -7.40148e-06 
115 203.975 13042.4 -8.15945e-06 
116 205.934 13040.4 -8.03038e-06 
117 207.894 13038.5 -7.71505e-06 
118 209.857 13036.5 -7.64809e-06 
119 211.822 13034.5 -7.78035e-06 
120 213.789 13032.6 -8.17649e-06 
121 215.759 13030.6 -8.80163e-06 
122 217.73 13028.6 -9.25772e-06 
123 219.704 13026.6 -9.46132e-06 
124 221.679 13024.7 -9.10439e-06 
125 223.656 13022.7 -8.9125e-06 
126 225.635 13020.7 -9.26909e-06 
127 227.616 13018.7 -9.8527e-06 
128 229.598 13016.8 -9.83172e-06 
129 231.582 13014.8 -1.07363e-05 
130 233.567 13012.8 -9.76472e-06 
131 235.554 13010.8 -1.00624e-05 
132 237.542 13008.8 -1.01379e-05 
133 239.531 13006.8 -9.98683e-06 
134 241.522 13004.8 -9.05708e-06 
135 243.514 13002.8 -9.46298e-06 
136 245.507 13000.8 -9.86491e-06 
137 247.5 12998.9 -1.03565e-05 
138 249.495 12996.9 -1.05247e-05 
139 251.49 12994.9 -1.11434e-05 
140 253.485 12992.9 -1.10834e-05 
141 255.48 12990.9 -1.15595e-05 
142 257.476 12988.9 -1.08871e-05 
143 259.471 12986.9 -1.19298e-05 
144 261.465 12984.9 -1.26284e-05 
145 263.459 12982.9 -1.19051e-05 
146 265.453 12980.9 -1.14489e-05 
147 267.445 12978.9 -1.11634e-05 
148 269.437 12976.9 -1.11528e-05 
149 271.427 12974.9 -1.17355e-05 
150 273.416 12972.9 -1.24858e-05 
151 275.403 12971 -1.20499e-05 
152 277.388 12969 -1.2678e-05 
153 279.37 12967 -1.12286e-05 
154 281.351 12965 -1.08169e-05 
155 283.328 12963 -1.10583e-05 
156 285.303 12961.1 -1.11055e-05 
157 287.274 12959.1 -1.11049e-05 
158 289.242 12957.1 -1.16541e-05 
159 291.206 12955.1 -1.2456e-05 
160 293.166 12953.2 -1.28282e-05 
161 295.121 12951.2 -1.29564e-05 
162 297.072 12949.3 -1.18834e-05 
163 299.018 12947.3 -1.17959e-05 
164 300.96 12945.4 -1.2333e-05 
165 302.896 12943.5 -1.23373e-05 
166 304.828 12941.5 -1.17792e-05 
167 306.754 12939.6 -1.13193e-05 
168 308.675 12937.7 -1.11816e-05 
169 310.591 12935.8 -1.06956e-05 
170 312.501 12933.9 -1.08364e-05 
171 314.407 12931.9 -9.46061e-06 
172 316.306 12930 -9.66414e-06 
173 318.2 12928.2 -9.01862e-06 
174 320.089 12926.3 -8.17728e-06 
175 321.973 12924.4 -7.50195e-06 
176 323.851 12922.5 -8.57816e-06 
177 325.724 12920.6 -8.66365e-06 
178 327.592 12918.8 -9.30489e-06 
179 329.456 12916.9 -8.96757e-06 
180 331.316 12915 -1.00353e-05 
181 333.171 12913.2 -1.00803e-05 
182 335.022 12911.3 -1.01977e-05 
183 336.87 12909.5 -1.05349e-05 
184 338.715 12907.6 -9.52644e-06 
185 340.557 12905.8 -9.73765e-06 
186 342.397 12904 -9.8147e-06 
187 344.234 12902.1 -1.0164e-05 
188 346.071 12900.3 -1.11294e-05 
189 347.907 12898.4 -1.06655e-05 
190 349.742 12896.6 -1.12841e-05 
191 351.578 12894.8 -1.12603e-05 
192 353.414 12892.9 -1.21138e-05 
193 355.251 12891.1 -1.24941e-05 
194 357.09 12889.3 -1.30472e-05 
195 358.931 12887.4 -1.31959e-05 
196 360.775 12885.6 -1.31505e-05 
197 362.623 12883.7 -1.33572e-05 
198 364.474 12881.9 -1.35887e-05 
199 366.329 12880 -1.19793e-05 
200 368.19 12878.2 -1.13883e-05 
201 370.055 12876.3 -1.14477e-05 
202 371.926 12874.4 -1.10395e-05 
203 373.804 12872.6 -1.07247e-05 
204 375.688 12870.7 -1.11316e-05 
205 377.58 12868.8 -1.18526e-05 
206 379.478 12866.9 -1.13469e-05 
207 381.385 12865 -1.09427e-05 
208 383.299 12863.1 -1.16347e-05 
209 385.222 12861.1 -1.16702e-05 
210 387.153 12859.2 -1.06914e-05 
211 389.092 12857.3 -1.08564e-05 
212 391.04 12855.3 -1.12695e-05 
213 392.996 12853.4 -1.14602e-05 
214 394.961 12851.4 -1.14328e-05 
215 396.934 12849.4 -1.21687e-05 
216 398.915 12847.4 -1.17852e-05 
217 400.905 12845.4 -1.07719e-05 
218 402.902 12843.5 -1.09502e-05 
219 404.907 12841.4 -1.15313e-05 
220 406.918 12839.4 -1.04155e-05 
221 408.936 12837.4 -1.04087e-05 
222 410.96 12835.4 -9.97163e-06 
223 412.99 12833.4 -1.01968e-05 
224 415.023 12831.3 -1.09893e-05 
225 417.061 12829.3 -1.07889e-05 
226 419.101 12827.3 -1.03806e-05 
227 421.144 12825.2 -1.06679e-05 
228 423.188 12823.2 -1.09826e-05 
229 425.233 12821.1 -1.04084e-05 
230 427.277 12819.1 -1.22509e-05 
231 429.321 12817 -1.22801e-05 
232 431.362 12815 -1.26009e-05 
233 433.401 12813 -1.40311e-05 
234 435.436 12810.9 -1.35481e-05 
235 437.466 12808.9 -1.25978e-05 
236 439.492 12806.9 -1.33459e-05 
237 441.511 12804.8 -1.34673e-05 
238 443.524 12802.8 -1.356e-05 
239 445.529 12800.8 -1.34361e-05 
240 447.527 12798.8 -1.16385e-05 
241 449.515 12796.8 -1.15619e-05 
242 451.495 12794.9 -1.09726e-05 
243 453.464 12792.9 -1.16945e-05 
244 455.424 12790.9 -1.11645e-05 
245 457.374 12789 -1.05667e-05 
246 459.313 12787 -9.91154e-06 
247 461.241 12785.1 -8.19034e-06 
248 463.159 12783.2 -7.39543e-06 
249 465.066 12781.3 -9.01125e-06 
250 466.962 12779.4 -8.26918e-06 
251 468.848 12777.5 -8.10467e-06 
252 470.724 12775.6 -7.9927e-06 
253 472.589 12773.8 -9.19718e-06 
254 474.445 12771.9 -8.32989e-06 
255 476.292 12770.1 -7.12501e-06 
256 478.13 12768.2 -7.82703e-06 
257 479.96 12766.4 -7.79494e-06 
258 481.783 12764.6 -8.33052e-06 
259 483.598 12762.8 -8.64718e-06 
260 485.408 12760.9 -8.41441e-06 
261 487.213 12759.1 -9.1375e-06 
262 489.013 12757.3 -9.33423e-06 
263 490.81 12755.5 -1.00107e-05 
264 492.604 12753.8 -9.87034e-06 
265 494.396 12752 -9.55733e-06 
266 496.187 12750.2 -8.77132e-06 
267 497.978 12748.4 -1.00442e-05 
268 499.771 12746.6 -8.42531e-06 
269 501.565 12744.8 -8.34418e-06 
270 503.362 12743 -9.1196e-06 
271 505.163 12741.2 -8.42185e-06 
272 506.969 12739.4 -8.4521e-06 
273 508.781 12737.6 -8.48966e-06 
274 510.6 12735.8 -8.29469e-06 
275 512.426 12733.9 -8.40451e-06 
276 514.26 12732.1 -8.99768e-06 
277 516.103 12730.3 -9.08907e-06 
278 517.955 12728.4 -9.29532e-06 
279 519.817 12726.5 -9.09093e-06 
280 521.69 12724.7 -1.09116e-05 
281 523.574 12722.8 -1.20294e-05 
282 525.47 12720.9 -1.09653e-05 
283 527.378 12719 -1.30777e-05 
284 529.297 12717.1 -1.27774e-05 
285 531.228 12715.1 -1.37036e-05 
286 533.172 12713.2 -1.41709e-05 
287 535.128 12711.2 -1.39743e-05 
288 537.095 12709.3 -1.54126e-05 
289 539.074 12707.3 -1.48983e-05 
290 541.065 12705.3 -1.48447e-05 
291 543.066 12703.3 -1.49707e-05 
292 545.077 12701.3 -1.55023e-05 
293 547.097 12699.3 -1.57029e-05 
294 549.126 12697.2 -1.42244e-05 
295 551.164 12695.2 -1.38901e-05 
296 553.208 12693.1 -1.43942e-05 
297 555.258 12691.1 -1.5021e-05 
298 557.313 12689 -1.57453e-05 
299 559.373 12687 -1.61066e-05 
300 561.435 12684.9 -1.71802e-05 
301 563.499 12682.9 -1.74031e-05 
302 565.564 12680.8 -1.77753e-05 
303 567.629 12678.7 -1.80137e-05 
304 569.692 12676.7 -1.77331e-05 
305 571.752 12674.6 -1.78098e-05 
306 573.808 12672.5 -1.68081e-05 
307 575.859 12670.5 -1.81003e-05 
308 577.903 12668.5 -1.82458e-05 
309 579.941 12666.4 -1.87988e-05 
310 581.969 12664.4 -1.90468e-05 
311 583.989 12662.4 -1.78746e-05 
312 585.999 12660.4 -1.93897e-05 
313 587.998 12658.4 -2.03011e-05 
314 589.987 12656.4 -2.00188e-05 
315 591.963 12654.4 -1.99283e-05 
316 593.928 12652.4 -2.01747e-05 
317 595.88 12650.5 -2.00217e-05 
318 597.82 12648.5 -1.94754e-05 
319 599.748 12646.6 -1.83806e-05 
320 601.662 12644.7 -1.87114e-05 
321 603.565 12642.8 -1.97876e-05 
322 605.455 12640.9 -1.98376e-05 
323 607.333 12639 -2.05584e-05 
324 609.2 12637.2 -2.01158e-05 
325 611.056 12635.3 -2.10791e-05 
326 612.901 12633.5 -2.12423e-05 
327 614.737 12631.6 -2.18924e-05 
328 616.564 12629.8 -2.04993e-05 
329 618.383 12628 -2.09666e-05 
330 620.195 12626.2 -2.02808e-05 
331 622.001 12624.4 -1.98643e-05 
332 623.801 12622.6 -2.00033e-05 
333 625.597 12620.8 -1.97947e-05 
334 627.39 12619 -2.13034e-05 
335 629.18 12617.2 -2.17407e-05 
336 630.97 12615.4 -2.29254e-05 
337 632.76 12613.6 -2.14457e-05 
338 634.552 12611.8 -2.08354e-05 
339 636.346 12610 -2.18198e-05 
340 638.143 12608.2 -2.13547e-05 
341 639.946 12606.4 -2.22628e-05 
342 641.754 12604.6 -2.29294e-05 
343 643.569 12602.8 -2.19532e-05 
344 645.393 12601 -2.24995e-05 
345 647.225 12599.1 -2.1316e-05 
346 649.067 12597.3 -2.23454e-05 
347 650.92 12595.4 -2.13089e-05 
348 652.785 12593.6 -2.06648e-05 
349 654.662 12591.7 -1.9511e-05 
350 656.552 12589.8 -1.99427e-05 
351 658.455 12587.9 -1.97315e-05 
352 660.372 12586 -1.94495e-05 
353 662.304 12584.1 -1.84526e-05 
354 664.25 12582.1 -1.91723e-05 
355 666.211 12580.1 -2.05947e-05 
356 668.186 12578.2 -1.87064e-05 
357 670.177 12576.2 -1.98378e-05 
358 672.182 12574.2 -2.06758e-05 
359 674.201 12572.2 -2.08478e-05 
360 676.235 12570.1 -2.02578e-05 
361 678.282 12568.1 -2.11056e-05 
362 680.342 12566 -1.84716e-05 
363 682.414 12563.9 -1.84795e-05 
364 684.499 12561.9 -1.86313e-05 
365 686.594 12559.8 -1.83396e-05 
366 688.7 12557.7 -1.86059e-05 
367 690.814 12555.5 -1.9913e-05 
368 692.936 12553.4 -1.95443e-05 
369 695.064 12551.3 -1.98359e-05 
370 697.197 12549.2 -2.08709e-05 
371 699.334 12547 -2.23129e-05 
372 701.472 12544.9 -2.26011e-05 
373 703.611 12542.7 -2.27792e-05 
374 705.748 12540.6 -2.22934e-05 
375 707.882 12538.5 -2.28462e-05 
376 710.011 12536.3 -2.35228e-05 
377 712.134 12534.2 -2.28618e-05 
378 714.25 12532.1 -2.20244e-05 
379 716.356 12530 -2.29522e-05 
380 718.452 12527.9 -2.27471e-05 
381 720.537 12525.8 -2.3349e-05 
382 722.61 12523.7 -2.26506e-05 
383 724.669 12521.7 -2.19209e-05 
384 726.714 12519.6 -2.14982e-05 
385 728.744 12517.6 -2.02306e-05 
386 730.759 12515.6 -1.94833e-05 
387 732.756 12513.6 -2.00746e-05 
388 734.737 12511.6 -2.10683e-05 
389 736.7 12509.7 -1.9739e-05 
390 738.645 12507.7 -2.01556e-05 
391 740.573 12505.8 -1.98156e-05 
392 742.482 12503.9 -1.70954e-05 
393 744.374 12502 -1.58568e-05 
394 746.249 12500.1 -1.72617e-05 
395 748.107 12498.2 -1.63723e-05 
396 749.949 12496.4 -1.5692e-05 
397 751.775 12494.6 -1.46426e-05 
398 753.586 12492.8 -1.34108e-05 
399 755.384 12491 -1.45914e-05 
400 757.169 12489.2 -1.38969e-05 
401 758.942 12487.4 -1.28261e-05 
402 760.705 12485.7 -1.34525e-05 
403 762.459 12483.9 -1.18259e-05 
404 764.205 12482.2 -1.35045e-05 
405 765.945 12480.4 -1.30441e-05 
406 767.679 12478.7 -1.23184e-05 
407 769.41 12476.9 -1.27723e-05 
408 771.138 12475.2 -1.53026e-05 
409 772.865 12473.5 -1.52512e-05 
410 774.592 12471.8 -1.50621e-05 
411 776.32 12470 -1.42528e-05 
412 778.051 12468.3 -1.42746e-05 
413 779.787 12466.6 -1.62247e-05 
414 781.527 12464.8 -1.59938e-05 
415 783.273 12463.1 -1.49831e-05 
416 785.028 12461.3 -1.31761e-05 
417 786.79 12459.6 -1.37072e-05 
418 788.563 12457.8 -1.46508e-05 
419 790.346 12456 -1.56596e-05 
420 792.14 12454.2 -1.70619e-05 
421 793.946 12452.4 -1.87442e-05 
422 795.766 12450.6 -1.79856e-05 
423 797.599 12448.8 -1.66053e-05 
424 799.447 12446.9 -1.65256e-05 
425 801.308 12445 -1.94512e-05 
426 803.185 12443.2 -2.09212e-05 
427 805.077 12441.3 -2.08412e-05 
428 806.984 12439.4 -2.12145e-05 
429 808.907 12437.4 -2.17928e-05 
430 810.845 12435.5 -2.15223e-05 
431 812.798 12433.6 -2.08189e-05 
432 814.766 12431.6 -1.9838e-05 
433 816.749 12429.6 -2.01484e-05 
434 818.746 12427.6 -2.05529e-05 
435 820.756 12425.6 -2.00343e-05 
436 822.779 12423.6 -1.96506e-05 
437 824.815 12421.5 -2.01112e-05 
438 826.863 12419.5 -2.00539e-05 
439 828.921 12417.4 -2.0963e-05 
440 830.99 12415.4 -2.21474e-05 
441 833.067 12413.3 -2.29595e-05 
442 835.152 12411.2 -2.42228e-05 
443 837.243 12409.1 -2.43009e-05 
444 839.34 12407 -2.41936e-05 
445 841.441 12404.9 -2.36314e-05 
446 843.544 12402.8 -2.42116e-05 
447 845.648 12400.7 -2.57009e-05 
448 847.752 12398.6 -2.70445e-05 
449 849.854 12396.5 -2.59311e-05 
450 851.953 12394.4 -2.67261e-05 
451 854.048 12392.3 -2.69414e-05 
452 856.136 12390.2 -2.65255e-05 
453 858.218 12388.1 -2.67955e-05 
454 860.291 12386.1 -2.70724e-05 
455 862.355 12384 -2.72388e-05 
456 864.409 12381.9 -2.75686e-05 
457 866.452 12379.9 -2.54445e-05 
458 868.485 12377.9 -2.58176e-05 
459 870.505 12375.9 -2.56217e-05 
460 872.513 12373.8 -2.60167e-05 
461 874.509 12371.8 -2.55384e-05 
462 876.492 12369.9 -2.61194e-05 
463 878.461 12367.9 -2.64552e-05 
464 880.417 12365.9 -2.59258e-05 
465 882.36 12364 -2.59543e-05 
466 884.29 12362.1 -2.59797e-05 
467 886.207 12360.1 -2.62278e-05 
468 888.111 12358.2 -2.6506e-05 
469 890.002 12356.4 -2.56975e-05 
470 891.881 12354.5 -2.41694e-05 
471 893.749 12352.6 -2.29081e-05 
472 895.606 12350.7 -2.22156e-05 
473 897.452 12348.9 -2.12772e-05 
474 899.289 12347.1 -2.2044e-05 
475 901.116 12345.2 -2.30151e-05 
476 902.936 12343.4 -2.35406e-05 
477 904.749 12341.6 -2.29305e-05 
478 906.555 12339.8 -2.13908e-05 
479 908.356 12338 -2.13654e-05 
480 910.154 12336.2 -2.02669e-05 
481 911.948 12334.4 -2.00868e-05 
482 913.74 12332.6 -1.97266e-05 
483 915.531 12330.8 -1.92053e-05 
484 917.323 12329 -1.88725e-05 
485 919.115 12327.2 -1.84733e-05 
486 920.909 12325.4 -1.6632e-05 
487 922.706 12323.6 -1.57384e-05 
488 924.507 12321.8 -1.6475e-05 
489 926.312 12320 -1.54664e-05 
490 928.122 12318.2 -1.38296e-05 
491 929.938 12316.4 -1.38265e-05 
492 931.761 12314.6 -1.40558e-05 
493 933.591 12312.8 -1.29529e-05 
494 935.429 12310.9 -1.35544e-05 
495 937.275 12309.1 -1.23506e-05 
496 939.131 12307.2 -1.26184e-05 
497 940.996 12305.4 -1.00941e-05 
498 942.871 12303.5 -9.71297e-06 
499 944.757 12301.6 -8.49278e-06 
500 946.653 12299.7 -7.9244e-06 
501 948.561 12297.8 -7.31059e-06 
502 950.479 12295.9 -8.21661e-06 
503 952.409 12293.9 -9.55057e-06 
504 954.35 12292 -7.95116e-06 
505 956.302 12290.1 -6.72005e-06 
506 958.266 12288.1 -7.77594e-06 
507 960.24 12286.1 -7.48663e-06 
508 962.225 12284.1 -7.81287e-06 
509 964.221 12282.1 -6.9328e-06 
510 966.226 12280.1 -7.62583e-06 
511 968.242 12278.1 -6.63758e-06 
512 970.266 12276.1 -5.62334e-06 
513 972.298 12274.1 -3.6559e-06 
514 974.339 12272 -4.85504e-06 
515 976.386 12270 -5.57337e-06 
516 978.439 12267.9 -6.8681e-06 
517 980.498 12265.9 -4.94143e-06 
518 982.561 12263.8 -2.31885e-06 
519 984.627 12261.7 -2.6136e-06 
520 986.696 12259.7 -3.11413e-06 
521 988.766 12257.6 -3.01851e-06 
522 990.836 12255.5 -2.44267e-06 
523 992.906 12253.4 -2.69098e-06 
524 994.974 12251.4 -3.47895e-06 
525 997.039 12249.3 -3.56707e-06 
526 999.1 12247.3 -4.8557e-06 
527 1001.16 12245.2 -8.09198e-06 
528 1003.21 12243.1 -7.85538e-06 
529 1005.25 12241.1 -7.71718e-06 
530 1007.29 12239.1 -6.69633e-06 
531 1009.32 12237 -6.43261e-06 
532 1011.35 12235 -5.87666e-06 
533 1013.36 12233 -5.3225e-06 
534 1015.37 12231 -6.08955e-06 
535 1017.36 12229 -4.65282e-06 
536 1019.35 12227 -3.82238e-06 
537 1021.33 12225 -5.18054e-06 
538 1023.29 12223.1 -8.90455e-06 
539 1025.25 12221.1 -1.12778e-05 
540 1027.2 12219.2 -1.12657e-05 
541 1029.14 12217.2 -1.15481e-05 
542 1031.07 12215.3 -1.16056e-05 
543 1032.99 12213.4 -1.2977e-05 
544 1034.91 12211.4 -1.41067e-05 
545 1036.81 12209.5 -1.5965e-05 
546 1038.71 12207.6 -1.44214e-05 
547 1040.6 12205.8 -1.46398e-05 
548 1042.48 12203.9 -1.50734e-05 
549 1044.35 12202 -1.33778e-05 
550 1046.22 12200.1 -1.29836e-05 
551 1048.08 12198.3 -1.26088e-05 
552 1049.94 12196.4 -1.47498e-05 
553 1051.79 12194.6 -1.34166e-05 
554 1053.64 12192.7 -1.29669e-05 
555 1055.49 12190.9 -1.26806e-05 
556 1057.33 12189 -1.26532e-05 
557 1059.16 12187.2 -1.42013e-05 
558 1061 12185.4 -1.44456e-05 
559 1062.84 12183.5 -1.28695e-05 
560 1064.67 12181.7 -1.30593e-05 
561 1066.5 12179.9 -1.45889e-05 
562 1068.33 12178 -1.48087e-05 
563 1070.17 12176.2 -1.38897e-05 
564 1072 12174.4 -1.49518e-05 
565 1073.83 12172.5 -1.46622e-05 
566 1075.67 12170.7 -1.36015e-05 
567 1077.5 12168.9 -1.48449e-05 
568 1079.34 12167 -1.47359e-05 
569 1081.18 12165.2 -1.42758e-05 
570 1083.02 12163.3 -1.60054e-05 
571 1084.87 12161.5 -1.59685e-05 
572 1086.72 12159.6 -1.55987e-05 
573 1088.58 12157.8 -1.3939e-05 
574 1090.44 12155.9 -1.28975e-05 
575 1092.31 12154 -1.11899e-05 
576 1094.18 12152.2 -1.14912e-05 
577 1096.06 12150.3 -1.14227e-05 
578 1097.95 12148.4 -1.13004e-05 
579 1099.84 12146.5 -8.94297e-06 
580 1101.74 12144.6 -8.26448e-06 
581 1103.65 12142.7 -7.7775e-06 
582 1105.56 12140.8 -7.00665e-06 
583 1107.48 12138.9 -4.93349e-06 
584 1109.41 12136.9 -4.24285e-06 
585 1111.34 12135 -6.39926e-06 
586 1113.28 12133.1 -6.62599e-06 
587 1115.23 12131.1 -6.73262e-06 
588 1117.19 12129.2 -7.6816e-06 
589 1119.15 12127.2 -7.96114e-06 
590 1121.11 12125.2 -9.13409e-06 
591 1123.09 12123.3 -8.09108e-06 
592 1125.06 12121.3 -7.31803e-06 
593 1127.05 12119.3 -6.48648e-06 
594 1129.03 12117.3 -6.24417e-06 
595 1131.02 12115.3 -7.02612e-06 
596 1133.01 12113.3 -8.33257e-06 
597 1135.01 12111.3 -7.45445e-06 
598 1137 12109.4 -5.55148e-06 
599 1139 12107.4 -3.25243e-06 
600 1141 12105.4 -1.93016e-06 
601 1142.99 12103.4 -1.67778e-06 
602 1144.99 12101.4 -3.84165e-06 
603 1146.98 12099.4 -2.45566e-06 
604 1148.97 12097.4 -2.70737e-06 
605 1150.96 12095.4 -5.59193e-07 
606 1152.94 12093.4 -1.68356e-06 
607 1154.92 12091.4 -2.8177e-06 
608 1156.9 12089.5 -2.57877e-06 
609 1158.87 12087.5 -1.4736e-07 
610 1160.84 12085.5 9.13011e-07 
611 1162.8 12083.6 1.07684e-06 
612 1164.75 12081.6 2.1695e-06 
613 1166.7 12079.7 2.9414e-06 
614 1168.65 12077.7 2.68736e-06 
615 1170.58 12075.8 1.7436e-06 
616 1172.51 12073.8 1.27577e-06 
617 1174.43 12071.9 2.23893e-07 
618 1176.35 12070 9.77425e-07 
619 1178.26 12068.1 2.03893e-06 
620 1180.16 12066.2 2.20467e-06 
621 1182.06 12064.3 1.86414e-06 
622 1183.95 12062.4 2.84235e-06 
623 1185.84 12060.5 3.42847e-06 
624 1187.72 12058.6 2.89128e-06 
625 1189.6 12056.8 6.80873e-06 
626 1191.47 12054.9 5.89211e-06 
627 1193.34 12053 6.69303e-06 
628 1195.21 12051.1 7.96215e-06 
629 1197.08 12049.3 7.87271e-06 
630 1198.94 12047.4 9.18892e-06 
631 1200.8 12045.6 6.56419e-06 
632 1202.65 12043.7 5.28608e-06 
633 1204.51 12041.8 5.28135e-06 
634 1206.37 12040 5.61294e-06 
635 1208.22 12038.1 5.36928e-06 
636 1210.07 12036.3 5.52364e-06 
637 1211.93 12034.4 7.74283e-06 
638 1213.78 12032.6 7.30262e-06 
639 1215.64 12030.7 8.14893e-06 
640 1217.5 12028.9 7.15041e-06 
641 1219.36 12027 7.76128e-06 
642 1221.22 12025.1 8.64279e-06 
643 1223.09 12023.3 1.02108e-05 
644 1224.95 12021.4 1.04689e-05 
645 1226.83 12019.5 1.10949e-05 
646 1228.7 12017.7 1.2832e-05 
647 1230.58 12015.8 1.50567e-05 
648 1232.46 12013.9 1.68835e-05 
649 1234.35 12012 1.50724e-05 
650 1236.24 12010.1 1.48492e-05 
651 1238.13 12008.2 1.2204e-05 
652 1240.03 12006.3 1.23081e-05 
653 1241.93 12004.4 1.31736e-05 
654 1243.84 12002.5 1.3257e-05 
655 1245.75 12000.6 1.3168e-05 
656 1247.67 11998.7 1.40865e-05 
657 1249.59 11996.8 1.27511e-05 
658 1251.51 11994.8 1.20251e-05 
659 1253.44 11992.9 1.19372e-05 
660 1255.37 11991 1.03014e-05 
661 1257.31 11989 1.10615e-05 
662 1259.25 11987.1 1.21275e-05 
663 1261.2 11985.2 1.29192e-05 
664 1263.15 11983.2 1.41851e-05 
665 1265.1 11981.2 1.37194e-05 
666 1267.06 11979.3 1.33278e-05 
667 1269.03 11977.3 1.29689e-05 
668 1270.99 11975.4 1.42325e-05 
669 1272.96 11973.4 1.58991e-05 
670 1274.93 11971.4 1.75022e-05 
671 1276.9 11969.5 1.67034e-05 
672 1278.88 11967.5 1.8563e-05 
673 1280.85 11965.5 1.8355e-05 
674 1282.83 11963.5 2.06172e-05 
675 1284.81 11961.5 2.18537e-05 
676 1286.78 11959.6 1.96708e-05 
677 1288.76 11957.6 1.85733e-05 
678 1290.73 11955.6 1.74441e-05 
679 1292.71 11953.6 1.80063e-05 
680 1294.68 11951.7 1.77519e-05 
681 1296.66 11949.7 1.92002e-05 
682 1298.63 11947.7 1.91859e-05 
683 1300.6 11945.8 1.80742e-05 
684 1302.57 11943.8 1.73241e-05 
685 1304.53 11941.8 1.59615e-05 
686 1306.5 11939.9 1.37061e-05 
687 1308.46 11937.9 1.27132e-05 
688 1310.42 11935.9 1.29579e-05 
689 1312.38 11934 1.12884e-05 
690 1314.34 11932 1.33794e-05 
691 1316.29 11930.1 1.2746e-05 
692 1318.25 11928.1 1.34051e-05 
693 1320.2 11926.2 1.41722e-05 
694 1322.15 11924.2 1.37464e-05 
695 1324.1 11922.3 1.39954e-05 
696 1326.05 11920.3 1.475e-05 
697 1328 11918.4 1.50251e-05 
698 1329.95 11916.4 1.52044e-05 
699 1331.9 11914.5 1.70681e-05 
700 1333.85 11912.5 1.50597e-05 
701 1335.8 11910.6 1.41576e-05 
702 1337.75 11908.6 1.347e-05 
703 1339.7 11906.7 1.09449e-05 
704 1341.65 11904.7 1.21452e-05 
705 1343.61 11902.7 1.21373e-05 
706 1345.56 11900.8 1.45618e-05 
707 1347.52 11898.8 1.69357e-05 
708 1349.48 11896.9 1.9102e-05 
709 1351.45 11894.9 1.70104e-05 
710 1353.41 11892.9 1.71147e-05 
711 1355.38 11891 1.6557e-05 
712 1357.35 11889 1.78956e-05 
713 1359.33 11887 1.81079e-05 
714 1361.31 11885 1.68075e-05 
715 1363.29 11883.1 1.8376e-05 
716 1365.27 11881.1 2.03814e-05 
717 1367.26 11879.1 1.67287e-05 
718 1369.25 11877.1 1.66236e-05 
719 1371.25 11875.1 1.71851e-05 
720 1373.24 11873.1 1.72383e-05 
721 1375.24 11871.1 1.87652e-05 
722 1377.24 11869.1 1.91852e-05 
723 1379.25 11867.1 1.81881e-05 
724 1381.26 11865.1 1.76638e-05 
725 1383.27 11863.1 1.54024e-05 
726 1385.28 11861.1 1.47613e-05 
727 1387.3 11859.1 1.44235e-05 
728 1389.32 11857 1.65366e-05 
729 1391.34 11855 2.09677e-05 
730 1393.37 11853 2.24652e-05 
731 1395.4 11851 2.4098e-05 
732 1397.43 11848.9 2.45706e-05 
733 1399.46 11846.9 2.58487e-05 
734 1401.5 11844.9 2.50455e-05 
735 1403.54 11842.8 2.44737e-05 
736 1405.57 11840.8 2.30335e-05 
737 1407.61 11838.7 2.30549e-05 
738 1409.66 11836.7 2.28719e-05 
739 1411.7 11834.7 2.36985e-05 
740 1413.74 11832.6 2.27402e-05 
741 1415.78 11830.6 2.33472e-05 
742 1417.82 11828.5 2.26178e-05 
743 1419.85 11826.5 2.27089e-05 
744 1421.89 11824.5 2.10392e-05 
745 1423.92 11822.4 2.33827e-05 
746 1425.95 11820.4 2.66016e-05 
747 1427.97 11818.4 2.78603e-05 
748 1429.99 11816.4 2.64382e-05 
749 1432.01 11814.3 2.71656e-05 
750 1434.02 11812.3 2.80671e-05 
751 1436.02 11810.3 2.82522e-05 
752 1438.01 11808.3 2.74167e-05 
753 1440 11806.4 2.79492e-05 
754 1441.98 11804.4 2.64046e-05 
755 1443.94 11802.4 2.65736e-05 
756 1445.9 11800.5 2.58544e-05 
757 1447.85 11798.5 2.62107e-05 
758 1449.79 11796.6 2.57994e-05 
759 1451.71 11794.6 2.48531e-05 
760 1453.63 11792.7 2.42503e-05 
761 1455.53 11790.8 2.34447e-05 
762 1457.42 11788.9 2.37699e-05 
763 1459.3 11787.1 2.34829e-05 
764 1461.17 11785.2 2.37243e-05 
765 1463.04 11783.3 2.42337e-05 
766 1464.89 11781.5 2.37908e-05 
767 1466.73 11779.6 2.26229e-05 
768 1468.57 11777.8 2.28282e-05 
769 1470.39 11776 2.13573e-05 
770 1472.22 11774.1 2.12306e-05 
771 1474.03 11772.3 2.15662e-05 
772 1475.85 11770.5 2.14574e-05 
773 1477.66 11768.7 1.95587e-05 
774 1479.46 11766.9 1.95982e-05 
775 1481.27 11765.1 2.00451e-05 
776 1483.07 11763.3 2.11741e-05 
777 1484.88 11761.5 2.11653e-05 
778 1486.68 11759.7 2.18737e-05 
779 1488.49 11757.9 2.20873e-05 
780 1490.29 11756.1 2.12651e-05 
781 1492.1 11754.3 2.29964e-05 
782 1493.91 11752.4 2.33108e-05 
783 1495.73 11750.6 2.25631e-05 
784 1497.54 11748.8 2.33346e-05 
785 1499.36 11747 2.37455e-05 
786 1501.18 11745.2 2.32215e-05 
787 1503.01 11743.3 2.31091e-05 
788 1504.84 11741.5 2.16946e-05 
789 1506.67 11739.7 2.20576e-05 
790 1508.51 11737.8 2.16282e-05 
791 1510.36 11736 2.24133e-05 
792 1512.2 11734.1 2.1623e-05 
793 1514.06 11732.3 2.04167e-05 
794 1515.92 11730.4 1.85023e-05 
795 1517.78 11728.6 2.11756e-05 
796 1519.65 11726.7 2.34876e-05 
797 1521.53 11724.8 2.52332e-05 
798 1523.41 11722.9 2.77384e-05 
799 1525.3 11721.1 2.6497e-05 
800 1527.2 11719.2 2.55866e-05 
801 1529.1 11717.3 2.38896e-05 
802 1531.01 11715.3 2.4899e-05 
803 1532.92 11713.4 2.28967e-05 
804 1534.84 11711.5 2.05406e-05 
805 1536.76 11709.6 2.14163e-05 
806 1538.69 11707.7 1.88476e-05 
807 1540.62 11705.7 1.93515e-05 
808 1542.56 11703.8 1.71266e-05 
809 1544.5 11701.9 1.61156e-05 
810 1546.44 11699.9 1.37675e-05 
811 1548.39 11698 1.27492e-05 
812 1550.34 11696 1.13236e-05 
813 1552.29 11694.1 1.16662e-05 
814 1554.24 11692.1 1.29228e-05 
815 1556.19 11690.2 1.31558e-05 
816 1558.15 11688.2 1.44317e-05 
817 1560.1 11686.3 1.41391e-05 
818 1562.05 11684.3 1.39863e-05 
819 1564 11682.4 1.50584e-05 
820 1565.95 11680.4 1.49934e-05 
821 1567.9 11678.5 1.5012e-05 
822 1569.84 11676.5 1.33169e-05 
823 1571.79 11674.6 1.41273e-05 
824 1573.73 11672.6 1.4105e-05 
825 1575.67 11670.7 1.17571e-05 
826 1577.61 11668.7 8.91255e-06 
827 1579.55 11666.8 1.10703e-05 
828 1581.49 11664.9 1.14475e-05 
829 1583.43 11662.9 1.06632e-05 
830 1585.38 11661 1.05102e-05 
831 1587.32 11659 8.06934e-06 
832 1589.27 11657.1 8.45006e-06 
833 1591.21 11655.1 7.76522e-06 
834 1593.16 11653.2 6.62155e-06 
835 1595.12 11651.2 6.70712e-06 
836 1597.07 11649.3 8.46063e-06 
837 1599.03 11647.3 1.02327e-05 
838 1600.99 11645.4 7.98477e-06 
839 1602.95 11643.4 9.8008e-06 
840 1604.91 11641.4 9.9524e-06 
841 1606.88 11639.5 1.42485e-05 
842 1608.84 11637.5 1.23067e-05 
843 1610.81 11635.5 1.24164e-05 
844 1612.78 11633.6 1.49973e-05 
845 1614.75 11631.6 1.33766e-05 
846 1616.71 11629.6 1.47193e-05 
847 1618.68 11627.7 1.54587e-05 
848 1620.64 11625.7 1.62532e-05 
849 1622.61 11623.7 1.29942e-05 
850 1624.57 11621.8 1.20074e-05 
851 1626.53 11619.8 1.24316e-05 
852 1628.48 11617.9 1.10165e-05 
853 1630.43 11615.9 9.52867e-06 
854 1632.38 11614 9.23989e-06 
855 1634.32 11612 1.05431e-05 
856 1636.26 11610.1 1.10034e-05 
857 1638.19 11608.2 1.06823e-05 
858 1640.12 11606.2 8.97462e-06 
859 1642.04 11604.3 1.08978e-05 
860 1643.96 11602.4 9.96755e-06 
861 1645.87 11600.5 9.67838e-06 
862 1647.78 11598.6 9.82015e-06 
863 1649.68 11596.7 9.08318e-06 
864 1651.58 11594.8 7.75015e-06 
865 1653.48 11592.9 7.12943e-06 
866 1655.38 11591 6.10383e-06 
867 1657.27 11589.1 4.4079e-06 
868 1659.17 11587.2 4.1696e-06 
869 1661.06 11585.3 4.40975e-06 
870 1662.96 11583.4 4.69353e-06 
871 1664.86 11581.5 4.05673e-06 
872 1666.76 11579.6 4.71026e-06 
873 1668.67 11577.7 4.83416e-06 
874 1670.58 11575.8 7.88386e-06 
875 1672.5 11573.9 1.03101e-05 
876 1674.42 11571.9 1.25299e-05 
877 1676.35 11570 1.21559e-05 
878 1678.29 11568.1 1.09846e-05 
879 1680.24 11566.1 1.27044e-05 
880 1682.19 11564.2 1.13183e-05 
881 1684.16 11562.2 1.19888e-05 
882 1686.13 11560.2 1.25594e-05 
883 1688.12 11558.2 1.19023e-05 
884 1690.11 11556.2 1.25867e-05 
885 1692.12 11554.2 9.88417e-06 
886 1694.13 11552.2 1.17294e-05 
887 1696.16 11550.2 1.23553e-05 
888 1698.2 11548.2 1.10633e-05 
889 1700.24 11546.1 1.01441e-05 
890 1702.3 11544.1 1.13694e-05 
891 1704.37 11542 1.13105e-05 
892 1706.44 11539.9 1.1622e-05 
893 1708.52 11537.8 1.43687e-05 
894 1710.61 11535.7 1.32901e-05 
895 1712.7 11533.7 1.23816e-05 
896 1714.8 11531.6 1.35444e-05 
897 1716.9 11529.5 1.80154e-05 
898 1719.01 11527.3 1.82472e-05 
899 1721.11 11525.2 2.05689e-05 
900 1723.21 11523.1 2.41283e-05 
901 1725.31 11521 2.77091e-05 
902 1727.41 11518.9 2.91421e-05 
903 1729.5 11516.9 2.78421e-05 
904 1731.59 11514.8 2.75486e-05 
905 1733.67 11512.7 2.76124e-05 
906 1735.73 11510.6 2.73652e-05 
907 1737.79 11508.6 2.89053e-05 
908 1739.84 11506.5 2.71606e-05 
909 1741.87 11504.5 2.58354e-05 
910 1743.89 11502.5 2.53908e-05 
911 1745.9 11500.5 2.71728e-05 
912 1747.89 11498.5 2.81274e-05 
913 1749.87 11496.5 2.65832e-05 
914 1751.83 11494.5 2.4864e-05 
915 1753.78 11492.6 2.27456e-05 
916 1755.71 11490.6 2.40527e-05 
917 1757.62 11488.7 2.50053e-05 
918 1759.52 11486.8 2.34368e-05 
919 1761.4 11485 2.26926e-05 
920 1763.26 11483.1 2.38286e-05 
921 1765.11 11481.2 2.41994e-05 
922 1766.94 11479.4 2.49549e-05 
923 1768.76 11477.6 2.72747e-05 
924 1770.56 11475.8 2.53669e-05 
925 1772.35 11474 2.70271e-05 
926 1774.13 11472.2 2.50585e-05 
927 1775.9 11470.5 2.61067e-05 
928 1777.65 11468.7 2.72546e-05 
929 1779.4 11467 2.69127e-05 
930 1781.15 11465.2 2.75084e-05 
931 1782.89 11463.5 2.91826e-05 
932 1784.63 11461.7 3.02106e-05 
933 1786.36 11460 2.94065e-05 
934 1788.1 11458.3 2.75192e-05 
935 1789.84 11456.5 2.71135e-05 
936 1791.59 11454.8 2.55782e-05 
937 1793.34 11453 2.30819e-05 
938 1795.09 11451.3 2.06201e-05 
939 1796.86 11449.5 2.2397e-05 
940 1798.63 11447.7 2.21066e-05 
941 1800.41 11445.9 2.11657e-05 
942 1802.21 11444.1 2.16575e-05 
943 1804.02 11442.3 2.20208e-05 
944 1805.84 11440.5 2.35359e-05 
945 1807.67 11438.7 2.11345e-05 
946 1809.51 11436.8 2.01328e-05 
947 1811.37 11435 2.14246e-05 
948 1813.25 11433.1 2.13281e-05 
949 1815.14 11431.2 1.83353e-05 
950 1817.04 11429.3 1.63301e-05 
951 1818.96 11427.4 1.55197e-05 
952 1820.9 11425.5 1.66938e-05 
953 1822.85 11423.5 1.65722e-05 
954 1824.82 11421.5 1.27322e-05 
955 1826.8 11419.6 1.04008e-05 
956 1828.79 11417.6 1.1506e-05 
957 1830.8 11415.6 1.34347e-05 
958 1832.82 11413.5 1.85253e-05 
959 1834.85 11411.5 1.9422e-05 
960 1836.89 11409.5 2.07552e-05 
961 1838.93 11407.4 2.13139e-05 
962 1840.99 11405.4 1.94221e-05 
963 1843.05 11403.3 1.90908e-05 
964 1845.12 11401.2 1.99982e-05 
965 1847.19 11399.2 1.99847e-05 
966 1849.27 11397.1 2.03517e-05 
967 1851.34 11395 2.22908e-05 
968 1853.42 11392.9 2.2107e-05 
969 1855.49 11390.9 2.32674e-05 
970 1857.57 11388.8 2.3759e-05 
971 1859.64 11386.7 2.36729e-05 
972 1861.7 11384.6 2.20942e-05 
973 1863.77 11382.6 2.31022e-05 
974 1865.83 11380.5 2.31596e-05 
975 1867.88 11378.5 2.33565e-05 
976 1869.93 11376.4 2.44301e-05 
977 1871.98 11374.4 2.41963e-05 
978 1874.02 11372.3 2.39187e-05 
979 1876.05 11370.3 2.46441e-05 
980 1878.08 11368.3 2.2077e-05 
981 1880.11 11366.2 2.2362e-05 
982 1882.13 11364.2 2.01974e-05 
983 1884.14 11362.2 1.92339e-05 
984 1886.15 11360.2 1.68125e-05 
985 1888.15 11358.2 1.81768e-05 
986 1890.15 11356.2 1.61044e-05 
987 1892.15 11354.2 1.44125e-05 
988 1894.14 11352.2 1.44776e-05 
989 1896.12 11350.2 1.33219e-05 
990 1898.1 11348.3 1.36142e-05 
991 1900.08 11346.3 1.36498e-05 
992 1902.05 11344.3 1.2412e-05 
993 1904.01 11342.3 1.16373e-05 
994 1905.97 11340.4 1.01545e-05 
995 1907.92 11338.4 1.35728e-05 
996 1909.87 11336.5 1.34144e-05 
997 1911.81 11334.5 1.66243e-05 
998 1913.74 11332.6 1.68529e-05 
999 1915.67 11330.7 1.77124e-05 
