0 2.87195e-10 1.1 7.80364e-12 
1 1.14878e-09 1.1 -3.39817e-11 
2 2.58473e-09 1.1 -4.22655e-11 
3 4.59504e-09 1.1 -1.00708e-10 
4 7.17966e-09 1.1 -9.00575e-11 
5 1.03385e-08 1.09999 -3.35098e-11 
6 1.40716e-08 1.09999 -9.97874e-11 
7 1.83789e-08 1.09999 2.65036e-11 
8 2.32602e-08 1.09998 1.86584e-10 
9 2.87155e-08 1.09998 1.6723e-10 
10 3.47446e-08 1.09997 1.15913e-10 
11 4.13475e-08 1.09997 4.36358e-10 
12 4.85241e-08 1.09996 6.7509e-10 
13 5.62741e-08 1.09996 7.65405e-10 
14 6.45975e-08 1.09995 8.3307e-10 
15 7.34942e-08 1.09994 4.69608e-10 
16 8.29638e-08 1.09994 -9.82017e-11 
17 9.30064e-08 1.09993 1.71317e-10 
18 1.03622e-07 1.09992 5.00906e-10 
19 1.14809e-07 1.09991 4.68805e-10 
20 1.26569e-07 1.0999 6.25882e-10 
