0 0 13246.3 -1.80423e-09 
1 0.0412591 13246.3 2.52358e-08 
2 0.16498 13246.2 1.77342e-09 
3 0.370972 13246 -7.20798e-09 
4 0.658891 13245.7 -4.81412e-10 
5 1.02822 13245.3 -1.61906e-08 
6 1.47826 13244.9 3.60036e-08 
7 2.00817 13244.3 6.91043e-08 
8 2.61692 13243.7 9.64493e-08 
9 3.30334 13243.1 3.89829e-08 
10 4.0661 13242.3 8.30889e-08 
11 4.90372 13241.5 1.40176e-07 
12 5.81461 13240.6 1.71236e-07 
13 6.79701 13239.6 1.93621e-07 
14 7.84905 13238.5 1.23856e-07 
15 8.96876 13237.4 1.45075e-08 
16 10.154 13236.2 1.05633e-07 
17 11.4027 13235 1.32975e-08 
18 12.7125 13233.7 1.49936e-07 
19 14.081 13232.4 2.36274e-07 
20 15.5059 13230.9 2.1902e-08 
21 16.9846 13229.5 2.14998e-07 
22 18.5146 13228 2.03451e-07 
23 20.0933 13226.4 1.52964e-07 
24 21.7181 13224.8 3.31569e-07 
25 23.3865 13223.2 2.96021e-07 
26 25.0957 13221.5 4.19675e-07 
27 26.8432 13219.7 9.2989e-07 
28 28.6265 13218 1.21313e-06 
29 30.443 13216.2 1.11739e-06 
30 32.2902 13214.4 1.46143e-06 
31 34.1656 13212.5 1.53677e-06 
32 36.0668 13210.7 1.83876e-06 
33 37.9915 13208.8 1.64671e-06 
34 39.9374 13206.8 1.66562e-06 
35 41.9021 13204.9 1.43013e-06 
36 43.8837 13203 1.28955e-06 
37 45.8802 13201 1.03375e-06 
38 47.8897 13199 6.37137e-07 
39 49.9104 13197 1.9495e-07 
40 51.9407 13195 1.94833e-07 
41 53.979 13193 3.49235e-07 
42 56.0238 13191 3.97416e-07 
43 58.0737 13189 5.3788e-07 
44 60.1275 13187 5.37247e-07 
45 62.1838 13185 2.65771e-07 
46 64.2415 13183 7.01267e-07 
47 66.2997 13180.9 1.81021e-07 
48 68.3574 13178.9 9.02966e-08 
49 70.4139 13176.9 2.49199e-07 
50 72.4687 13174.9 5.33784e-08 
51 74.5211 13172.9 -6.03584e-07 
52 76.5707 13170.9 -9.7242e-07 
53 78.6172 13168.9 -1.23628e-06 
54 80.6601 13166.8 -1.03692e-06 
55 82.6992 13164.8 -8.62778e-07 
56 84.7344 13162.8 -5.92914e-07 
57 86.7654 13160.9 -8.30986e-07 
58 88.7921 13158.9 -9.08425e-07 
59 90.8143 13156.9 -6.45514e-07 
60 92.832 13154.9 -1.02199e-06 
61 94.8452 13152.9 -6.54204e-07 
62 96.8538 13150.9 -1.56333e-06 
63 98.858 13149 -1.93568e-06 
64 100.858 13147 -2.27683e-06 
65 102.854 13145 -1.41379e-06 
66 104.845 13143.1 -1.48869e-06 
67 106.833 13141.1 -1.52562e-06 
68 108.817 13139.2 -2.36128e-06 
69 110.797 13137.2 -2.34315e-06 
70 112.774 13135.3 -2.17203e-06 
71 114.748 13133.3 -1.94742e-06 
72 116.718 13131.4 -2.07307e-06 
73 118.685 13129.5 -1.95629e-06 
74 120.65 13127.5 -1.64758e-06 
75 122.611 13125.6 -1.54927e-06 
76 124.57 13123.7 -2.03007e-06 
77 126.526 13121.8 -2.71542e-06 
78 128.48 13119.8 -2.62411e-06 
79 130.431 13117.9 -2.29602e-06 
80 132.379 13116 -3.03688e-06 
81 134.326 13114.1 -2.695e-06 
82 136.271 13112.2 -2.56781e-06 
83 138.214 13110.2 -2.72716e-06 
84 140.155 13108.3 -1.98993e-06 
85 142.095 13106.4 -1.96885e-06 
86 144.034 13104.5 -1.91961e-06 
87 145.972 13102.6 -2.73459e-06 
88 147.909 13100.7 -2.58934e-06 
89 149.846 13098.8 -3.43143e-06 
90 151.782 13096.9 -3.67654e-06 
91 153.717 13095 -3.15573e-06 
92 155.652 13093 -3.6072e-06 
93 157.587 13091.1 -4.05373e-06 
94 159.522 13089.2 -4.4157e-06 
95 161.456 13087.3 -4.90319e-06 
96 163.391 13085.4 -4.39325e-06 
97 165.325 13083.5 -4.11984e-06 
98 167.26 13081.6 -5.09569e-06 
99 169.195 13079.7 -5.79699e-06 
100 171.13 13077.8 -5.17302e-06 
101 173.066 13075.9 -5.44349e-06 
102 175.001 13073.9 -5.5754e-06 
103 176.937 13072 -6.20119e-06 
104 178.873 13070.1 -7.13521e-06 
105 180.809 13068.2 -7.5719e-06 
106 182.745 13066.3 -8.20148e-06 
107 184.682 13064.4 -8.03816e-06 
108 186.618 13062.5 -8.20478e-06 
109 188.554 13060.6 -8.47851e-06 
110 190.491 13058.6 -7.80582e-06 
111 192.428 13056.7 -6.89675e-06 
112 194.364 13054.8 -6.74602e-06 
113 196.302 13052.9 -6.2726e-06 
114 198.239 13051 -6.96458e-06 
115 200.176 13049.1 -6.05325e-06 
116 202.114 13047.2 -6.43073e-06 
117 204.052 13045.2 -6.82031e-06 
118 205.991 13043.3 -7.03737e-06 
119 207.929 13041.4 -7.14761e-06 
120 209.868 13039.5 -7.34533e-06 
121 211.807 13037.6 -7.00561e-06 
122 213.746 13035.7 -7.03573e-06 
123 215.685 13033.7 -6.00566e-06 
124 217.624 13031.8 -5.74543e-06 
125 219.563 13029.9 -5.47141e-06 
126 221.503 13028 -5.19252e-06 
127 223.442 13026.1 -5.06033e-06 
128 225.381 13024.1 -4.95438e-06 
129 227.32 13022.2 -5.73599e-06 
130 229.259 13020.3 -5.45404e-06 
131 231.198 13018.4 -5.81835e-06 
132 233.137 13016.5 -5.0349e-06 
133 235.075 13014.6 -4.59306e-06 
134 237.013 13012.6 -4.47655e-06 
135 238.951 13010.7 -4.59703e-06 
136 240.889 13008.8 -4.19263e-06 
137 242.825 13006.9 -4.50888e-06 
138 244.762 13005 -4.47963e-06 
139 246.697 13003.1 -5.29765e-06 
140 248.632 13001.1 -4.64904e-06 
141 250.567 12999.2 -4.05457e-06 
142 252.5 12997.3 -4.22531e-06 
143 254.432 12995.4 -4.15905e-06 
144 256.364 12993.5 -4.13815e-06 
145 258.295 12991.6 -4.15031e-06 
146 260.224 12989.7 -4.56629e-06 
147 262.153 12987.8 -4.01803e-06 
148 264.08 12985.8 -4.00744e-06 
149 266.006 12983.9 -3.95602e-06 
150 267.932 12982 -3.76665e-06 
151 269.856 12980.1 -3.51252e-06 
152 271.779 12978.2 -4.86888e-06 
153 273.7 12976.3 -3.26201e-06 
154 275.621 12974.4 -4.18028e-06 
155 277.54 12972.5 -4.272e-06 
156 279.458 12970.6 -4.09839e-06 
157 281.375 12968.7 -4.01405e-06 
158 283.291 12966.8 -4.91719e-06 
159 285.205 12964.9 -4.28414e-06 
160 287.119 12963 -3.54402e-06 
161 289.031 12961.1 -2.90048e-06 
162 290.942 12959.3 -3.14275e-06 
163 292.852 12957.4 -4.17685e-06 
164 294.761 12955.5 -4.82606e-06 
165 296.668 12953.6 -5.60236e-06 
166 298.575 12951.7 -5.38121e-06 
167 300.481 12949.8 -5.18386e-06 
168 302.386 12947.9 -4.30546e-06 
169 304.291 12946 -3.895e-06 
170 306.194 12944.2 -3.61292e-06 
171 308.097 12942.3 -2.59417e-06 
172 309.999 12940.4 -2.3585e-06 
173 311.901 12938.5 -2.03453e-06 
174 313.802 12936.6 -1.52099e-06 
175 315.702 12934.7 -2.02808e-06 
176 317.602 12932.8 -1.55771e-06 
177 319.502 12931 -5.83652e-07 
178 321.401 12929.1 -8.10921e-07 
179 323.3 12927.2 -1.06529e-06 
180 325.199 12925.3 -5.36947e-07 
181 327.097 12923.4 1.82669e-07 
182 328.996 12921.6 7.50336e-07 
183 330.894 12919.7 9.89172e-07 
184 332.792 12917.8 1.91098e-06 
185 334.69 12915.9 8.07553e-07 
186 336.588 12914 7.78844e-07 
187 338.486 12912.2 5.54586e-07 
188 340.384 12910.3 -4.92174e-07 
189 342.282 12908.4 -6.14132e-07 
190 344.18 12906.5 5.18892e-08 
191 346.078 12904.6 9.83616e-07 
192 347.977 12902.7 -2.10756e-07 
193 349.875 12900.9 -7.97309e-07 
194 351.774 12899 -2.40277e-08 
195 353.673 12897.1 -1.18056e-07 
196 355.572 12895.2 -6.78369e-07 
197 357.472 12893.3 -1.02556e-06 
198 359.371 12891.4 -1.13472e-06 
199 361.271 12889.6 -1.456e-06 
200 363.17 12887.7 -4.95004e-07 
201 365.07 12885.8 -4.91975e-07 
202 366.971 12883.9 -3.60249e-08 
203 368.871 12882 -5.13485e-07 
204 370.771 12880.1 6.5696e-07 
205 372.672 12878.3 1.24974e-06 
206 374.573 12876.4 9.26198e-07 
207 376.473 12874.5 1.63792e-06 
208 378.374 12872.6 2.10354e-06 
209 380.275 12870.7 2.57959e-06 
210 382.176 12868.8 2.19253e-06 
211 384.077 12866.9 1.90919e-06 
212 385.977 12865.1 1.73114e-06 
213 387.878 12863.2 9.90169e-07 
214 389.779 12861.3 9.38565e-07 
215 391.679 12859.4 1.95265e-06 
216 393.58 12857.5 1.24892e-06 
217 395.48 12855.6 7.69564e-07 
218 397.38 12853.8 -5.78891e-07 
219 399.279 12851.9 -1.11466e-06 
220 401.179 12850 -1.35375e-06 
221 403.078 12848.1 -1.4418e-06 
222 404.977 12846.2 -2.74432e-06 
223 406.875 12844.3 -2.67413e-06 
224 408.774 12842.4 -2.84413e-06 
225 410.672 12840.6 -2.88575e-06 
226 412.569 12838.7 -3.18661e-06 
227 414.467 12836.8 -4.27148e-06 
228 416.364 12834.9 -4.1749e-06 
229 418.261 12833 -4.17924e-06 
230 420.158 12831.2 -2.83171e-06 
231 422.054 12829.3 -1.50057e-06 
232 423.95 12827.4 -1.82822e-06 
233 425.846 12825.5 -2.04185e-06 
234 427.742 12823.6 -1.61456e-06 
235 429.638 12821.7 -1.02305e-06 
236 431.533 12819.9 -3.45117e-07 
237 433.428 12818 -1.83351e-06 
238 435.323 12816.1 -1.50614e-06 
239 437.218 12814.2 -1.65496e-06 
240 439.113 12812.3 -8.50844e-07 
241 441.008 12810.5 -4.90168e-07 
242 442.902 12808.6 5.88545e-09 
243 444.797 12806.7 -2.38164e-07 
244 446.692 12804.8 2.80596e-08 
245 448.586 12802.9 -2.97805e-07 
246 450.481 12801.1 3.08081e-07 
247 452.376 12799.2 -1.39497e-07 
248 454.27 12797.3 2.74813e-07 
249 456.165 12795.4 1.12281e-07 
250 458.06 12793.5 2.48135e-07 
251 459.954 12791.7 1.00099e-09 
252 461.849 12789.8 6.01019e-08 
253 463.744 12787.9 -1.63352e-07 
254 465.639 12786 -7.72785e-07 
255 467.534 12784.1 -1.12334e-06 
256 469.429 12782.3 -2.06964e-06 
257 471.324 12780.4 -2.80984e-06 
258 473.22 12778.5 -3.6195e-06 
259 475.115 12776.6 -3.40598e-06 
260 477.01 12774.7 -3.94818e-06 
261 478.906 12772.8 -4.90884e-06 
262 480.801 12771 -5.40155e-06 
263 482.697 12769.1 -4.56975e-06 
264 484.592 12767.2 -4.87761e-06 
265 486.488 12765.3 -5.49484e-06 
266 488.384 12763.4 -5.91641e-06 
267 490.279 12761.6 -5.36336e-06 
268 492.175 12759.7 -6.77299e-06 
269 494.07 12757.8 -5.6401e-06 
270 495.966 12755.9 -5.18114e-06 
271 497.862 12754 -4.95804e-06 
272 499.757 12752.1 -3.86899e-06 
273 501.653 12750.3 -3.43922e-06 
274 503.548 12748.4 -4.25608e-06 
275 505.443 12746.5 -4.52613e-06 
276 507.339 12744.6 -4.05103e-06 
277 509.234 12742.7 -1.72375e-06 
278 511.129 12740.9 -2.80513e-06 
279 513.024 12739 -2.74693e-06 
280 514.919 12737.1 -2.66604e-06 
281 516.814 12735.2 -1.18965e-06 
282 518.709 12733.3 -1.37091e-06 
283 520.603 12731.4 -2.77064e-06 
284 522.498 12729.6 -3.45659e-06 
285 524.393 12727.7 -4.01976e-06 
286 526.287 12725.8 -4.30982e-06 
287 528.181 12723.9 -4.1325e-06 
288 530.076 12722 -3.94295e-06 
289 531.97 12720.2 -2.9429e-06 
290 533.864 12718.3 -3.59296e-06 
291 535.758 12716.4 -4.58581e-06 
292 537.652 12714.5 -5.2927e-06 
293 539.546 12712.6 -5.55252e-06 
294 541.44 12710.8 -5.14831e-06 
295 543.334 12708.9 -5.14291e-06 
296 545.228 12707 -3.12454e-06 
297 547.122 12705.1 -3.75881e-06 
298 549.017 12703.2 -3.70633e-06 
299 550.911 12701.3 -2.97193e-06 
300 552.805 12699.5 -4.76725e-06 
301 554.699 12697.6 -4.36566e-06 
302 556.594 12695.7 -2.89283e-06 
303 558.488 12693.8 -2.6338e-06 
304 560.383 12691.9 -3.49985e-06 
305 562.278 12690.1 -2.92967e-06 
306 564.173 12688.2 -1.93878e-06 
307 566.068 12686.3 -1.94305e-06 
308 567.963 12684.4 -1.34255e-06 
309 569.858 12682.5 -1.02359e-06 
310 571.754 12680.6 -4.68173e-07 
311 573.65 12678.8 -6.63688e-07 
312 575.546 12676.9 -7.39925e-07 
313 577.442 12675 -9.0289e-07 
314 579.339 12673.1 -1.0489e-06 
315 581.235 12671.2 -2.01034e-06 
316 583.132 12669.3 -1.17798e-06 
317 585.03 12667.5 -2.29802e-06 
318 586.927 12665.6 -1.46088e-06 
319 588.824 12663.7 -1.66806e-06 
320 590.722 12661.8 -1.52623e-06 
321 592.62 12659.9 -1.41433e-06 
322 594.518 12658 -2.30832e-06 
323 596.416 12656.1 -1.00088e-06 
324 598.315 12654.3 -4.82203e-07 
325 600.213 12652.4 -1.2979e-06 
326 602.112 12650.5 -1.34166e-06 
327 604.011 12648.6 -2.83372e-06 
328 605.91 12646.7 -2.22028e-06 
329 607.809 12644.8 -1.95231e-06 
330 609.708 12642.9 -2.1172e-06 
331 611.607 12641 -3.00243e-06 
332 613.507 12639.2 -3.17214e-06 
333 615.406 12637.3 -2.43775e-06 
334 617.305 12635.4 -2.96444e-06 
335 619.204 12633.5 -3.03823e-06 
336 621.104 12631.6 -3.65092e-06 
337 623.003 12629.7 -4.32495e-06 
338 624.902 12627.8 -4.82715e-06 
339 626.801 12625.9 -5.74746e-06 
340 628.7 12624.1 -5.70735e-06 
341 630.599 12622.2 -5.58107e-06 
342 632.498 12620.3 -4.74338e-06 
343 634.397 12618.4 -6.13273e-06 
344 636.296 12616.5 -6.22091e-06 
345 638.194 12614.6 -5.00533e-06 
346 640.093 12612.7 -5.39051e-06 
347 641.991 12610.9 -4.56192e-06 
348 643.89 12609 -3.61721e-06 
349 645.788 12607.1 -2.41774e-06 
350 647.686 12605.2 -1.20358e-06 
351 649.584 12603.3 -1.76541e-06 
352 651.482 12601.4 -2.50544e-06 
353 653.38 12599.5 -3.45635e-06 
354 655.277 12597.6 -2.8212e-06 
355 657.175 12595.8 -2.11536e-06 
356 659.073 12593.9 -2.03403e-06 
357 660.97 12592 -1.81116e-06 
358 662.867 12590.1 -1.6002e-06 
359 664.765 12588.2 -2.55028e-06 
360 666.662 12586.3 -1.97035e-06 
361 668.559 12584.4 -2.53079e-06 
362 670.456 12582.6 -3.05304e-06 
363 672.353 12580.7 -2.46266e-06 
364 674.25 12578.8 -3.44306e-06 
365 676.148 12576.9 -3.35176e-06 
366 678.045 12575 -3.77333e-06 
367 679.942 12573.1 -3.42371e-06 
368 681.839 12571.3 -2.05694e-06 
369 683.736 12569.4 -2.99777e-06 
370 685.633 12567.5 -3.21462e-06 
371 687.53 12565.6 -3.7635e-06 
372 689.427 12563.7 -4.27493e-06 
373 691.324 12561.8 -2.74778e-06 
374 693.221 12559.9 -1.52578e-06 
375 695.119 12558.1 -1.5998e-06 
376 697.016 12556.2 -1.71808e-06 
377 698.913 12554.3 -6.25866e-08 
378 700.811 12552.4 -1.76035e-06 
379 702.708 12550.5 -1.59483e-06 
380 704.605 12548.6 -1.36611e-06 
381 706.503 12546.7 -3.02121e-06 
382 708.4 12544.8 -3.0896e-06 
383 710.298 12543 -2.473e-06 
384 712.195 12541.1 -3.32937e-06 
385 714.093 12539.2 -3.71309e-06 
386 715.99 12537.3 -3.80132e-06 
387 717.888 12535.4 -3.97652e-06 
388 719.785 12533.5 -5.20901e-06 
389 721.683 12531.6 -3.43808e-06 
390 723.581 12529.8 -4.97855e-06 
391 725.478 12527.9 -6.21093e-06 
392 727.376 12526 -5.45356e-06 
393 729.273 12524.1 -5.71404e-06 
394 731.171 12522.2 -5.83192e-06 
395 733.069 12520.3 -4.78557e-06 
396 734.966 12518.4 -5.85114e-06 
397 736.863 12516.6 -6.5774e-06 
398 738.761 12514.7 -6.32435e-06 
399 740.658 12512.8 -7.25966e-06 
400 742.556 12510.9 -6.6491e-06 
401 744.453 12509 -6.92276e-06 
402 746.35 12507.1 -6.1401e-06 
403 748.248 12505.2 -7.50734e-06 
404 750.145 12503.3 -6.89436e-06 
405 752.042 12501.5 -5.65129e-06 
406 753.94 12499.6 -4.17085e-06 
407 755.837 12497.7 -1.62042e-06 
408 757.734 12495.8 -6.43914e-07 
409 759.631 12493.9 -2.47062e-07 
410 761.528 12492 1.02754e-06 
411 763.425 12490.1 -5.58308e-07 
412 765.322 12488.3 -2.57847e-07 
413 767.219 12486.4 1.1477e-06 
414 769.116 12484.5 1.08583e-06 
415 771.014 12482.6 6.71638e-07 
416 772.911 12480.7 9.95061e-07 
417 774.808 12478.8 1.11568e-06 
418 776.705 12476.9 -1.99809e-07 
419 778.602 12475.1 -8.56178e-07 
420 780.499 12473.2 -2.80318e-07 
421 782.396 12471.3 1.95369e-06 
422 784.294 12469.4 1.49352e-06 
423 786.191 12467.5 2.14882e-06 
424 788.088 12465.6 2.67268e-06 
425 789.985 12463.7 3.03754e-06 
426 791.883 12461.8 1.7594e-06 
427 793.78 12460 -1.15701e-07 
428 795.678 12458.1 -1.26231e-06 
429 797.575 12456.2 -3.2315e-06 
430 799.473 12454.3 -1.86512e-06 
431 801.37 12452.4 -1.45332e-06 
432 803.268 12450.5 -1.67954e-06 
433 805.165 12448.6 -1.71964e-06 
434 807.063 12446.8 -1.76431e-06 
435 808.961 12444.9 -1.20013e-06 
436 810.858 12443 1.80289e-07 
437 812.756 12441.1 1.07376e-06 
438 814.654 12439.2 9.32184e-08 
439 816.551 12437.3 4.32049e-07 
440 818.449 12435.4 1.33704e-06 
441 820.347 12433.5 2.77122e-06 
442 822.244 12431.7 3.75679e-06 
443 824.142 12429.8 3.54214e-06 
444 826.039 12427.9 3.59442e-06 
445 827.937 12426 4.12104e-06 
446 829.834 12424.1 3.21187e-06 
447 831.732 12422.2 5.51619e-06 
448 833.629 12420.3 3.90029e-06 
449 835.526 12418.4 1.8962e-06 
450 837.423 12416.6 1.44285e-06 
451 839.321 12414.7 3.47628e-06 
452 841.217 12412.8 2.0806e-06 
453 843.114 12410.9 3.86311e-06 
454 845.011 12409 3.663e-06 
455 846.908 12407.1 4.12047e-06 
456 848.804 12405.2 4.40782e-06 
457 850.701 12403.4 4.02502e-06 
458 852.597 12401.5 1.89145e-06 
459 854.493 12399.6 8.99716e-07 
460 856.389 12397.7 8.67814e-07 
461 858.285 12395.8 9.037e-07 
462 860.181 12393.9 1.94655e-07 
463 862.076 12392 1.12889e-06 
464 863.972 12390.2 2.48124e-06 
465 865.867 12388.3 1.59527e-06 
466 867.762 12386.4 2.88915e-06 
467 869.658 12384.5 2.00406e-06 
468 871.553 12382.6 1.1984e-06 
469 873.448 12380.7 2.9443e-06 
470 875.343 12378.9 2.66987e-06 
471 877.237 12377 2.61414e-06 
472 879.132 12375.1 2.8831e-06 
473 881.027 12373.2 4.01126e-06 
474 882.921 12371.3 3.42988e-06 
475 884.816 12369.4 4.00036e-06 
476 886.71 12367.5 3.67496e-06 
477 888.605 12365.7 1.67376e-06 
478 890.499 12363.8 -2.16953e-07 
479 892.393 12361.9 -1.139e-06 
480 894.288 12360 1.66695e-07 
481 896.182 12358.1 -2.67247e-07 
482 898.076 12356.2 -9.07227e-07 
483 899.971 12354.4 3.04006e-07 
484 901.865 12352.5 -5.4563e-07 
485 903.76 12350.6 1.95249e-06 
486 905.654 12348.7 1.76118e-06 
487 907.548 12346.8 1.7509e-06 
488 909.443 12344.9 1.50929e-06 
489 911.337 12343 -2.57374e-07 
490 913.232 12341.2 1.71389e-07 
491 915.127 12339.3 -1.10109e-06 
492 917.021 12337.4 -4.16865e-06 
493 918.916 12335.5 -4.30492e-06 
494 920.811 12333.6 -4.03649e-06 
495 922.706 12331.7 -4.28276e-06 
496 924.6 12329.9 -6.02435e-06 
497 926.495 12328 -7.49765e-06 
498 928.39 12326.1 -7.84149e-06 
499 930.285 12324.2 -6.94593e-06 
500 932.181 12322.3 -7.65573e-06 
501 934.076 12320.4 -9.09445e-06 
502 935.971 12318.5 -1.05804e-05 
503 937.866 12316.7 -9.59817e-06 
504 939.761 12314.8 -8.59202e-06 
505 941.657 12312.9 -8.33442e-06 
506 943.552 12311 -9.12851e-06 
507 945.447 12309.1 -1.00414e-05 
508 947.342 12307.2 -1.20234e-05 
509 949.238 12305.3 -1.1198e-05 
510 951.133 12303.5 -1.33574e-05 
511 953.029 12301.6 -1.42063e-05 
512 954.924 12299.7 -1.28249e-05 
513 956.819 12297.8 -1.44466e-05 
514 958.715 12295.9 -1.4407e-05 
515 960.61 12294 -1.3697e-05 
516 962.505 12292.1 -1.40823e-05 
517 964.401 12290.3 -1.33086e-05 
518 966.296 12288.4 -1.3716e-05 
519 968.191 12286.5 -1.32753e-05 
520 970.087 12284.6 -1.28477e-05 
521 971.982 12282.7 -1.3362e-05 
522 973.877 12280.8 -1.29698e-05 
523 975.773 12278.9 -1.31039e-05 
524 977.668 12277.1 -1.39988e-05 
525 979.563 12275.2 -1.10499e-05 
526 981.458 12273.3 -9.92707e-06 
527 983.353 12271.4 -1.01157e-05 
528 985.248 12269.5 -1.18532e-05 
529 987.144 12267.6 -1.34627e-05 
530 989.039 12265.8 -1.50506e-05 
531 990.934 12263.9 -1.38813e-05 
532 992.829 12262 -1.18255e-05 
533 994.724 12260.1 -1.07331e-05 
534 996.619 12258.2 -1.11773e-05 
535 998.514 12256.3 -1.13621e-05 
536 1000.41 12254.4 -1.16385e-05 
537 1002.3 12252.6 -1.11777e-05 
538 1004.2 12250.7 -1.19205e-05 
539 1006.09 12248.8 -1.14902e-05 
540 1007.99 12246.9 -1.09567e-05 
541 1009.88 12245 -1.21926e-05 
542 1011.78 12243.1 -1.17437e-05 
543 1013.68 12241.2 -1.28705e-05 
544 1015.57 12239.4 -1.10572e-05 
545 1017.47 12237.5 -1.2458e-05 
546 1019.36 12235.6 -1.28859e-05 
547 1021.26 12233.7 -1.03899e-05 
548 1023.15 12231.8 -9.58543e-06 
549 1025.05 12229.9 -1.07869e-05 
550 1026.94 12228 -9.07917e-06 
551 1028.84 12226.2 -8.50981e-06 
552 1030.73 12224.3 -8.6252e-06 
553 1032.63 12222.4 -9.01363e-06 
554 1034.52 12220.5 -8.02371e-06 
555 1036.42 12218.6 -7.34172e-06 
556 1038.32 12216.7 -8.18538e-06 
557 1040.21 12214.8 -1.04063e-05 
558 1042.11 12212.9 -1.11887e-05 
559 1044 12211.1 -1.19613e-05 
560 1045.9 12209.2 -9.66303e-06 
561 1047.79 12207.3 -8.79597e-06 
562 1049.69 12205.4 -1.01335e-05 
563 1051.58 12203.5 -9.17194e-06 
564 1053.48 12201.6 -8.47807e-06 
565 1055.38 12199.7 -9.52739e-06 
566 1057.27 12197.9 -1.09829e-05 
567 1059.17 12196 -1.1257e-05 
568 1061.06 12194.1 -1.07636e-05 
569 1062.96 12192.2 -1.02653e-05 
570 1064.85 12190.3 -8.55404e-06 
571 1066.75 12188.4 -8.63703e-06 
572 1068.65 12186.5 -8.08105e-06 
573 1070.54 12184.7 -8.33237e-06 
574 1072.44 12182.8 -7.48051e-06 
575 1074.33 12180.9 -6.9142e-06 
576 1076.23 12179 -5.7904e-06 
577 1078.12 12177.1 -6.50944e-06 
578 1080.02 12175.2 -6.57943e-06 
579 1081.92 12173.3 -5.43695e-06 
580 1083.81 12171.4 -4.8382e-06 
581 1085.71 12169.6 -6.25261e-06 
582 1087.6 12167.7 -6.91676e-06 
583 1089.5 12165.8 -4.42674e-06 
584 1091.39 12163.9 -2.87903e-06 
585 1093.29 12162 -1.81639e-06 
586 1095.18 12160.1 -1.20261e-06 
587 1097.08 12158.2 4.6531e-07 
588 1098.97 12156.4 4.6846e-07 
589 1100.87 12154.5 6.54385e-07 
590 1102.77 12152.6 1.27694e-06 
591 1104.66 12150.7 3.09588e-06 
592 1106.56 12148.8 2.63579e-06 
593 1108.45 12146.9 1.84954e-06 
594 1110.35 12145 1.63536e-07 
595 1112.24 12143.2 -1.45981e-06 
596 1114.14 12141.3 -1.75961e-06 
597 1116.03 12139.4 -1.78584e-06 
598 1117.93 12137.5 -4.39997e-06 
599 1119.82 12135.6 -3.24691e-06 
600 1121.72 12133.7 -2.86501e-06 
601 1123.62 12131.8 -3.49956e-06 
602 1125.51 12129.9 -5.82522e-06 
603 1127.41 12128.1 -4.90879e-06 
604 1129.3 12126.2 -5.57211e-06 
605 1131.2 12124.3 -6.30404e-06 
606 1133.09 12122.4 -5.96183e-06 
607 1134.99 12120.5 -4.5058e-06 
608 1136.89 12118.6 -5.90307e-06 
609 1138.78 12116.7 -4.89488e-06 
610 1140.68 12114.9 -3.55463e-06 
611 1142.57 12113 -3.70386e-06 
612 1144.47 12111.1 -5.41271e-06 
613 1146.36 12109.2 -4.73299e-06 
614 1148.26 12107.3 -6.14254e-06 
615 1150.16 12105.4 -5.54146e-06 
616 1152.05 12103.5 -6.30272e-06 
617 1153.95 12101.6 -7.23327e-06 
618 1155.84 12099.8 -7.33544e-06 
619 1157.74 12097.9 -9.33391e-06 
620 1159.64 12096 -1.09915e-05 
621 1161.53 12094.1 -1.18679e-05 
622 1163.43 12092.2 -1.04161e-05 
623 1165.33 12090.3 -1.28335e-05 
624 1167.22 12088.4 -1.12329e-05 
625 1169.12 12086.6 -1.06802e-05 
626 1171.01 12084.7 -1.14115e-05 
627 1172.91 12082.8 -1.05408e-05 
628 1174.81 12080.9 -1.06335e-05 
629 1176.7 12079 -9.13677e-06 
630 1178.6 12077.1 -8.15566e-06 
631 1180.49 12075.2 -7.92176e-06 
632 1182.39 12073.3 -6.38919e-06 
633 1184.29 12071.5 -4.71177e-06 
634 1186.18 12069.6 -5.22137e-06 
635 1188.08 12067.7 -1.3898e-06 
636 1189.98 12065.8 -1.43243e-06 
637 1191.87 12063.9 -3.72262e-06 
638 1193.77 12062 -2.75333e-06 
639 1195.66 12060.1 -5.15234e-06 
640 1197.56 12058.2 -4.53569e-06 
641 1199.46 12056.4 -4.8528e-06 
642 1201.35 12054.5 -2.03984e-06 
643 1203.25 12052.6 -6.30874e-07 
644 1205.14 12050.7 5.5909e-08 
645 1207.04 12048.8 6.95877e-07 
646 1208.94 12046.9 2.80404e-07 
647 1210.83 12045 -1.01523e-06 
648 1212.73 12043.1 6.98425e-07 
649 1214.62 12041.3 3.47919e-06 
650 1216.52 12039.4 4.53579e-06 
651 1218.42 12037.5 5.66714e-06 
652 1220.31 12035.6 6.95842e-06 
653 1222.21 12033.7 7.34609e-06 
654 1224.1 12031.8 1.04072e-05 
655 1226 12029.9 9.51679e-06 
656 1227.89 12028 1.10348e-05 
657 1229.79 12026.2 1.13984e-05 
658 1231.69 12024.3 1.09982e-05 
659 1233.58 12022.4 1.00011e-05 
660 1235.48 12020.5 1.12626e-05 
661 1237.37 12018.6 1.24906e-05 
662 1239.27 12016.7 1.20977e-05 
663 1241.17 12014.8 1.11471e-05 
664 1243.06 12012.9 1.28862e-05 
665 1244.96 12011.1 1.08302e-05 
666 1246.85 12009.2 1.41004e-05 
667 1248.75 12007.3 1.27375e-05 
668 1250.65 12005.4 1.47385e-05 
669 1252.54 12003.5 1.4023e-05 
670 1254.44 12001.6 1.25239e-05 
671 1256.33 11999.7 1.27138e-05 
672 1258.23 11997.9 1.43275e-05 
673 1260.13 11996 1.36739e-05 
674 1262.02 11994.1 1.45065e-05 
675 1263.92 11992.2 1.22106e-05 
676 1265.81 11990.3 1.12411e-05 
677 1267.71 11988.4 9.35294e-06 
678 1269.6 11986.5 7.29284e-06 
679 1271.5 11984.6 7.70106e-06 
680 1273.4 11982.8 8.81111e-06 
681 1275.29 11980.9 9.7923e-06 
682 1277.19 11979 9.13698e-06 
683 1279.08 11977.1 9.87509e-06 
684 1280.98 11975.2 1.02825e-05 
685 1282.88 11973.3 7.06715e-06 
686 1284.77 11971.4 7.08197e-06 
687 1286.67 11969.5 6.42948e-06 
688 1288.56 11967.7 7.21597e-06 
689 1290.46 11965.8 6.43554e-06 
690 1292.36 11963.9 5.90894e-06 
691 1294.25 11962 6.78416e-06 
692 1296.15 11960.1 7.47773e-06 
693 1298.04 11958.2 1.01806e-05 
694 1299.94 11956.3 8.72914e-06 
695 1301.83 11954.4 8.33619e-06 
696 1303.73 11952.6 5.15552e-06 
697 1305.63 11950.7 5.01816e-06 
698 1307.52 11948.8 4.74663e-06 
699 1309.42 11946.9 5.43055e-06 
700 1311.31 11945 5.80207e-06 
701 1313.21 11943.1 8.17492e-06 
702 1315.1 11941.2 6.65395e-06 
703 1317 11939.3 8.8161e-06 
704 1318.89 11937.5 7.7564e-06 
705 1320.79 11935.6 7.89938e-06 
706 1322.69 11933.7 7.25923e-06 
707 1324.58 11931.8 6.9947e-06 
708 1326.48 11929.9 8.5352e-06 
709 1328.37 11928 8.52235e-06 
710 1330.27 11926.1 8.7796e-06 
711 1332.16 11924.2 7.11269e-06 
712 1334.06 11922.4 5.48208e-06 
713 1335.96 11920.5 6.80276e-06 
714 1337.85 11918.6 5.4982e-06 
715 1339.75 11916.7 3.92352e-06 
716 1341.64 11914.8 1.02039e-06 
717 1343.54 11912.9 -9.93503e-08 
718 1345.43 11911 6.17379e-07 
719 1347.33 11909.2 -1.60655e-06 
720 1349.22 11907.3 4.34421e-08 
721 1351.12 11905.4 1.24806e-08 
722 1353.02 11903.5 1.12297e-06 
723 1354.91 11901.6 -7.77336e-07 
724 1356.81 11899.7 -9.69502e-07 
725 1358.7 11897.8 -3.36682e-06 
726 1360.6 11895.9 -5.12427e-06 
727 1362.49 11894.1 -5.03666e-06 
728 1364.39 11892.2 -4.30078e-06 
729 1366.29 11890.3 -4.28637e-06 
730 1368.18 11888.4 -5.3224e-06 
731 1370.08 11886.5 -8.20011e-06 
732 1371.97 11884.6 -7.81771e-06 
733 1373.87 11882.7 -6.34073e-06 
734 1375.77 11880.8 -6.86559e-06 
735 1377.66 11879 -7.23165e-06 
736 1379.56 11877.1 -6.38481e-06 
737 1381.45 11875.2 -6.50157e-06 
738 1383.35 11873.3 -7.27402e-06 
739 1385.24 11871.4 -5.64955e-06 
740 1387.14 11869.5 -5.5641e-06 
741 1389.04 11867.6 -3.49518e-06 
742 1390.93 11865.7 -1.51108e-06 
743 1392.83 11863.9 -2.09897e-06 
744 1394.72 11862 -1.76662e-06 
745 1396.62 11860.1 -3.63135e-06 
746 1398.52 11858.2 -1.28508e-06 
747 1400.41 11856.3 -1.4054e-06 
748 1402.31 11854.4 -3.30286e-06 
749 1404.2 11852.5 -4.32493e-06 
750 1406.1 11850.6 -3.85935e-06 
751 1407.99 11848.8 -7.50548e-06 
752 1409.89 11846.9 -6.77278e-06 
753 1411.79 11845 -6.55932e-06 
754 1413.68 11843.1 -6.31136e-06 
755 1415.58 11841.2 -4.61735e-06 
756 1417.47 11839.3 -5.79379e-06 
757 1419.37 11837.4 -7.06314e-06 
758 1421.26 11835.5 -7.39883e-06 
759 1423.16 11833.7 -8.72609e-06 
760 1425.05 11831.8 -9.33352e-06 
761 1426.95 11829.9 -7.96614e-06 
762 1428.85 11828 -8.83893e-06 
763 1430.74 11826.1 -6.97682e-06 
764 1432.64 11824.2 -5.7594e-06 
765 1434.53 11822.3 -6.77196e-06 
766 1436.43 11820.4 -7.82033e-06 
767 1438.32 11818.6 -7.00098e-06 
768 1440.22 11816.7 -6.38678e-06 
769 1442.11 11814.8 -5.32683e-06 
770 1444.01 11812.9 -4.69139e-06 
771 1445.91 11811 -3.95919e-06 
772 1447.8 11809.1 -4.00467e-06 
773 1449.7 11807.2 -3.38038e-06 
774 1451.59 11805.3 -3.50661e-06 
775 1453.49 11803.5 -4.32452e-06 
776 1455.38 11801.6 -3.5413e-06 
777 1457.28 11799.7 -4.14582e-06 
778 1459.17 11797.8 -6.54083e-06 
779 1461.07 11795.9 -5.71227e-06 
780 1462.96 11794 -5.78721e-06 
781 1464.86 11792.1 -4.97768e-06 
782 1466.75 11790.2 -3.89744e-06 
783 1468.65 11788.4 -3.06666e-06 
784 1470.54 11786.5 -2.21906e-06 
785 1472.44 11784.6 -3.73495e-06 
786 1474.34 11782.7 -3.75277e-06 
787 1476.23 11780.8 -2.50885e-06 
788 1478.13 11778.9 -1.98199e-06 
789 1480.02 11777 -8.05458e-07 
790 1481.92 11775.1 -4.37748e-06 
791 1483.81 11773.3 -5.33823e-06 
792 1485.71 11771.4 -5.70293e-06 
793 1487.6 11769.5 -8.07611e-06 
794 1489.5 11767.6 -8.23372e-06 
795 1491.39 11765.7 -7.54191e-06 
796 1493.29 11763.8 -5.81427e-06 
797 1495.18 11761.9 -6.88e-06 
798 1497.08 11760 -6.29974e-06 
799 1498.98 11758.2 -4.51579e-06 
800 1500.87 11756.3 -5.50932e-06 
801 1502.77 11754.4 -4.76385e-06 
802 1504.66 11752.5 -4.40902e-06 
803 1506.56 11750.6 -4.13687e-06 
804 1508.45 11748.7 -2.10271e-06 
805 1510.35 11746.8 -4.85472e-06 
806 1512.24 11744.9 -5.60676e-06 
807 1514.14 11743.1 -6.76415e-06 
808 1516.03 11741.2 -9.31887e-06 
809 1517.93 11739.3 -7.72021e-06 
810 1519.82 11737.4 -7.86656e-06 
811 1521.72 11735.5 -8.90655e-06 
812 1523.62 11733.6 -9.16676e-06 
813 1525.51 11731.7 -6.99193e-06 
814 1527.41 11729.8 -7.3829e-06 
815 1529.3 11728 -5.32156e-06 
816 1531.2 11726.1 -3.33036e-06 
817 1533.09 11724.2 -3.8325e-06 
818 1534.99 11722.3 -7.09847e-06 
819 1536.88 11720.4 -6.12041e-06 
820 1538.78 11718.5 -1.61439e-06 
821 1540.67 11716.6 -4.56917e-06 
822 1542.57 11714.7 -4.85014e-06 
823 1544.46 11712.9 -4.70535e-06 
824 1546.36 11711 -4.48575e-06 
825 1548.26 11709.1 -1.65542e-06 
826 1550.15 11707.2 -3.77814e-06 
827 1552.05 11705.3 -2.50274e-06 
828 1553.94 11703.4 -3.99397e-06 
829 1555.84 11701.5 -4.176e-06 
830 1557.73 11699.6 -3.86357e-06 
831 1559.63 11697.8 -3.68985e-06 
832 1561.52 11695.9 -2.97753e-06 
833 1563.42 11694 -3.80529e-06 
834 1565.31 11692.1 -3.5607e-06 
835 1567.21 11690.2 -6.36727e-06 
836 1569.1 11688.3 -6.67325e-06 
837 1571 11686.4 -4.47988e-06 
838 1572.9 11684.5 -5.95561e-06 
839 1574.79 11682.7 -7.04608e-06 
840 1576.69 11680.8 -8.2433e-06 
841 1578.58 11678.9 -4.53976e-06 
842 1580.48 11677 -2.88905e-06 
843 1582.37 11675.1 -1.88683e-06 
844 1584.27 11673.2 -3.17295e-07 
845 1586.16 11671.3 -5.14923e-07 
846 1588.06 11669.4 -6.47553e-07 
847 1589.95 11667.6 -7.45693e-07 
848 1591.85 11665.7 -2.45403e-06 
849 1593.74 11663.8 2.15297e-07 
850 1595.64 11661.9 4.75154e-07 
851 1597.54 11660 1.81479e-06 
852 1599.43 11658.1 2.75611e-07 
853 1601.33 11656.2 1.41108e-06 
854 1603.22 11654.3 2.31263e-06 
855 1605.12 11652.5 2.25081e-06 
856 1607.01 11650.6 1.97243e-06 
857 1608.91 11648.7 5.12072e-07 
858 1610.8 11646.8 1.08634e-07 
859 1612.7 11644.9 -1.63887e-07 
860 1614.59 11643 1.8805e-06 
861 1616.49 11641.1 9.08223e-07 
862 1618.38 11639.2 1.92682e-06 
863 1620.28 11637.4 -5.8975e-07 
864 1622.17 11635.5 -9.78764e-08 
865 1624.07 11633.6 1.42258e-06 
866 1625.96 11631.7 1.56973e-06 
867 1627.86 11629.8 4.81986e-06 
868 1629.75 11627.9 6.41671e-06 
869 1631.65 11626 5.79273e-06 
870 1633.55 11624.1 4.10752e-06 
871 1635.44 11622.3 5.91407e-06 
872 1637.34 11620.4 6.83975e-06 
873 1639.23 11618.5 7.00013e-06 
874 1641.13 11616.6 8.39552e-06 
875 1643.02 11614.7 8.56531e-06 
876 1644.92 11612.8 1.09195e-05 
877 1646.81 11610.9 1.15183e-05 
878 1648.71 11609 1.06095e-05 
879 1650.6 11607.2 8.36242e-06 
880 1652.5 11605.3 8.89533e-06 
881 1654.39 11603.4 1.02915e-05 
882 1656.29 11601.5 1.16285e-05 
883 1658.18 11599.6 1.3383e-05 
884 1660.08 11597.7 1.2702e-05 
885 1661.97 11595.8 1.24144e-05 
886 1663.87 11593.9 1.35767e-05 
887 1665.76 11592.1 1.49862e-05 
888 1667.66 11590.2 1.37349e-05 
889 1669.55 11588.3 1.4325e-05 
890 1671.45 11586.4 1.72793e-05 
891 1673.34 11584.5 1.6691e-05 
892 1675.24 11582.6 1.61887e-05 
893 1677.13 11580.7 1.7202e-05 
894 1679.03 11578.8 1.64497e-05 
895 1680.93 11577 1.72902e-05 
896 1682.82 11575.1 1.87069e-05 
897 1684.72 11573.2 1.85533e-05 
898 1686.61 11571.3 1.73357e-05 
899 1688.51 11569.4 1.83823e-05 
900 1690.4 11567.5 1.88622e-05 
901 1692.3 11565.6 2.05289e-05 
902 1694.19 11563.7 1.74002e-05 
903 1696.09 11561.9 1.82683e-05 
904 1697.98 11560 1.87363e-05 
905 1699.88 11558.1 1.83069e-05 
906 1701.77 11556.2 1.78069e-05 
907 1703.67 11554.3 1.76622e-05 
908 1705.56 11552.4 1.74411e-05 
909 1707.46 11550.5 1.80567e-05 
910 1709.35 11548.6 2.02992e-05 
911 1711.25 11546.8 1.90029e-05 
912 1713.14 11544.9 2.06631e-05 
913 1715.04 11543 2.10873e-05 
914 1716.93 11541.1 2.25918e-05 
915 1718.83 11539.2 2.35987e-05 
916 1720.73 11537.3 2.27947e-05 
917 1722.62 11535.4 2.42417e-05 
918 1724.52 11533.5 2.65007e-05 
919 1726.41 11531.7 2.42252e-05 
920 1728.31 11529.8 2.43466e-05 
921 1730.2 11527.9 2.75485e-05 
922 1732.1 11526 2.71214e-05 
923 1733.99 11524.1 2.30562e-05 
924 1735.89 11522.2 2.27689e-05 
925 1737.78 11520.3 2.52274e-05 
926 1739.68 11518.4 2.86643e-05 
927 1741.57 11516.6 2.84867e-05 
928 1743.47 11514.7 2.70005e-05 
929 1745.36 11512.8 2.81837e-05 
930 1747.26 11510.9 2.79855e-05 
931 1749.15 11509 2.6805e-05 
932 1751.05 11507.1 2.71609e-05 
933 1752.94 11505.2 2.75165e-05 
934 1754.84 11503.3 2.99932e-05 
935 1756.74 11501.4 3.01625e-05 
936 1758.63 11499.6 2.97718e-05 
937 1760.53 11497.7 2.87223e-05 
938 1762.42 11495.8 2.99422e-05 
939 1764.32 11493.9 2.76019e-05 
940 1766.21 11492 2.83093e-05 
941 1768.11 11490.1 2.56076e-05 
942 1770 11488.2 2.77953e-05 
943 1771.9 11486.3 2.71624e-05 
944 1773.79 11484.5 2.55171e-05 
945 1775.69 11482.6 2.61459e-05 
946 1777.58 11480.7 2.78136e-05 
947 1779.48 11478.8 2.80841e-05 
948 1781.37 11476.9 2.93129e-05 
949 1783.27 11475 3.05123e-05 
950 1785.16 11473.1 3.16818e-05 
951 1787.06 11471.2 2.87605e-05 
952 1788.96 11469.4 2.89488e-05 
953 1790.85 11467.5 2.86387e-05 
954 1792.75 11465.6 2.83094e-05 
955 1794.64 11463.7 2.755e-05 
956 1796.54 11461.8 2.88033e-05 
957 1798.43 11459.9 2.77972e-05 
958 1800.33 11458 2.89262e-05 
959 1802.22 11456.1 3.08649e-05 
960 1804.12 11454.3 3.06448e-05 
961 1806.01 11452.4 3.05265e-05 
962 1807.91 11450.5 3.12272e-05 
963 1809.8 11448.6 3.24666e-05 
964 1811.7 11446.7 3.00387e-05 
965 1813.59 11444.8 3.12315e-05 
966 1815.49 11442.9 2.90619e-05 
967 1817.39 11441 2.64239e-05 
968 1819.28 11439.1 2.62222e-05 
969 1821.18 11437.3 2.43011e-05 
970 1823.07 11435.4 2.33134e-05 
971 1824.97 11433.5 2.46315e-05 
972 1826.86 11431.6 2.30581e-05 
973 1828.76 11429.7 2.4426e-05 
974 1830.65 11427.8 2.62234e-05 
975 1832.55 11425.9 2.67415e-05 
976 1834.44 11424 2.59825e-05 
977 1836.34 11422.2 2.3846e-05 
978 1838.23 11420.3 2.59571e-05 
979 1840.13 11418.4 2.5869e-05 
980 1842.03 11416.5 2.59544e-05 
981 1843.92 11414.6 2.50704e-05 
982 1845.82 11412.7 2.79188e-05 
983 1847.71 11410.8 2.93622e-05 
984 1849.61 11408.9 2.54935e-05 
985 1851.5 11407.1 2.71908e-05 
986 1853.4 11405.2 2.8248e-05 
987 1855.29 11403.3 2.80089e-05 
988 1857.19 11401.4 2.57849e-05 
989 1859.08 11399.5 2.61545e-05 
990 1860.98 11397.6 2.5018e-05 
991 1862.87 11395.7 2.3727e-05 
992 1864.77 11393.8 2.29293e-05 
993 1866.67 11391.9 2.21471e-05 
994 1868.56 11390.1 2.32964e-05 
995 1870.46 11388.2 2.40059e-05 
996 1872.35 11386.3 2.44875e-05 
997 1874.25 11384.4 2.61744e-05 
998 1876.14 11382.5 2.5319e-05 
999 1878.04 11380.6 2.5201e-05 
