0 0.0412591 13246.3 7.95674e-09 
1 0.164988 13246.2 9.18676e-09 
2 0.371013 13246 1.18695e-08 
3 0.658998 13245.7 4.64784e-08 
4 1.02846 13245.3 3.37368e-08 
5 1.47874 13244.9 6.41906e-08 
6 2.00905 13244.3 7.85842e-08 
7 2.61845 13243.7 -1.56378e-08 
8 3.30583 13243 -8.95609e-08 
9 4.06996 13242.3 -1.64637e-07 
10 4.90948 13241.4 -1.65638e-07 
11 5.82287 13240.5 -2.43105e-07 
12 6.80851 13239.5 -2.93841e-07 
13 7.86465 13238.5 -3.86746e-07 
14 8.98943 13237.4 -2.28077e-07 
15 10.1809 13236.2 -3.61324e-07 
16 11.4369 13234.9 -3.66005e-07 
17 12.7554 13233.6 -4.53791e-07 
18 14.1341 13232.2 -4.10707e-07 
19 15.5707 13230.8 -2.5827e-07 
20 17.0628 13229.3 -4.78862e-07 
21 18.6079 13227.7 -5.62499e-07 
22 20.2036 13226.1 -4.96678e-07 
23 21.8473 13224.5 -5.74568e-07 
24 23.5365 13222.8 -5.02058e-07 
25 25.2687 13221.1 -3.18744e-07 
26 27.0412 13219.3 -2.00044e-07 
27 28.8516 13217.5 -4.11591e-07 
28 30.6973 13215.7 -6.27576e-07 
29 32.5759 13213.8 -7.59387e-07 
30 34.4847 13211.9 -1.01807e-06 
31 36.4214 13209.9 -7.96141e-07 
32 38.3836 13208 -1.09121e-06 
33 40.369 13206 -1.3462e-06 
34 42.3751 13204 -1.68749e-06 
35 44.3999 13201.9 -1.81756e-06 
36 46.4413 13199.9 -1.97949e-06 
37 48.4973 13197.9 -2.18102e-06 
38 50.566 13195.8 -2.43146e-06 
39 52.6456 13193.7 -2.68369e-06 
40 54.7343 13191.6 -2.10946e-06 
41 56.8306 13189.5 -2.05058e-06 
42 58.9328 13187.4 -2.25394e-06 
43 61.0395 13185.3 -2.22284e-06 
44 63.1493 13183.2 -2.11239e-06 
45 65.2607 13181.1 -2.31809e-06 
46 67.3727 13179 -2.48605e-06 
47 69.484 13176.9 -3.13888e-06 
48 71.5939 13174.8 -2.77889e-06 
49 73.7015 13172.6 -2.67293e-06 
50 75.806 13170.5 -2.76984e-06 
51 77.9068 13168.4 -2.90052e-06 
52 80.0033 13166.3 -2.54209e-06 
53 82.0949 13164.3 -2.28034e-06 
54 84.1813 13162.2 -2.41101e-06 
55 86.262 13160.1 -2.88348e-06 
56 88.3368 13158 -3.31333e-06 
57 90.4052 13155.9 -3.02458e-06 
58 92.4671 13153.9 -3.43572e-06 
59 94.5222 13151.8 -2.82766e-06 
60 96.5705 13149.8 -2.93911e-06 
61 98.6119 13147.7 -3.2573e-06 
62 100.646 13145.7 -3.78359e-06 
63 102.674 13143.7 -3.79437e-06 
64 104.695 13141.7 -4.40157e-06 
65 106.71 13139.6 -4.66649e-06 
66 108.718 13137.6 -4.6294e-06 
67 110.721 13135.6 -3.99693e-06 
68 112.717 13133.6 -3.88967e-06 
69 114.707 13131.6 -4.57235e-06 
70 116.692 13129.7 -4.63692e-06 
71 118.672 13127.7 -4.93381e-06 
72 120.646 13125.7 -4.16968e-06 
73 122.616 13123.7 -3.89074e-06 
74 124.581 13121.8 -3.06932e-06 
75 126.542 13119.8 -2.97369e-06 
76 128.498 13117.9 -3.26051e-06 
77 130.45 13115.9 -2.77717e-06 
78 132.399 13114 -3.18824e-06 
79 134.344 13112 -2.90887e-06 
80 136.285 13110.1 -2.95996e-06 
81 138.224 13108.1 -3.94686e-06 
82 140.16 13106.2 -4.09075e-06 
83 142.093 13104.3 -3.98133e-06 
84 144.025 13102.3 -3.84395e-06 
85 145.954 13100.4 -3.64781e-06 
86 147.883 13098.5 -3.75936e-06 
87 149.81 13096.5 -3.80025e-06 
88 151.735 13094.6 -3.74791e-06 
89 153.661 13092.7 -4.03516e-06 
90 155.585 13090.8 -4.34399e-06 
91 157.509 13088.8 -4.56758e-06 
92 159.434 13086.9 -5.11345e-06 
93 161.358 13085 -5.34163e-06 
94 163.282 13083.1 -5.81859e-06 
95 165.207 13081.1 -6.03153e-06 
96 167.132 13079.2 -5.56501e-06 
97 169.058 13077.3 -5.81198e-06 
98 170.985 13075.4 -5.55781e-06 
99 172.913 13073.4 -5.88142e-06 
100 174.842 13071.5 -5.93985e-06 
101 176.773 13069.6 -6.15327e-06 
102 178.704 13067.6 -6.06423e-06 
103 180.638 13065.7 -5.6747e-06 
104 182.573 13063.8 -6.61569e-06 
105 184.509 13061.8 -6.80521e-06 
106 186.447 13059.9 -7.40056e-06 
107 188.387 13058 -7.43809e-06 
108 190.328 13056 -7.48976e-06 
109 192.272 13054.1 -6.39066e-06 
110 194.217 13052.1 -6.27812e-06 
111 196.164 13050.2 -5.86593e-06 
112 198.114 13048.2 -5.67677e-06 
113 200.066 13046.3 -6.82737e-06 
114 202.019 13044.3 -7.17242e-06 
115 203.975 13042.4 -7.93786e-06 
116 205.934 13040.4 -7.63048e-06 
117 207.894 13038.5 -7.29991e-06 
118 209.857 13036.5 -7.23195e-06 
119 211.822 13034.5 -7.43898e-06 
120 213.789 13032.6 -7.95567e-06 
121 215.759 13030.6 -8.60131e-06 
122 217.73 13028.6 -9.02355e-06 
123 219.704 13026.6 -9.20322e-06 
124 221.679 13024.7 -8.80599e-06 
125 223.656 13022.7 -8.81501e-06 
126 225.635 13020.7 -9.04826e-06 
127 227.616 13018.7 -9.57274e-06 
128 229.598 13016.8 -9.55565e-06 
129 231.582 13014.8 -1.03323e-05 
130 233.567 13012.8 -9.3603e-06 
131 235.554 13010.8 -9.74306e-06 
132 237.542 13008.8 -1.00436e-05 
133 239.531 13006.8 -9.96177e-06 
134 241.522 13004.8 -8.99678e-06 
135 243.514 13002.8 -9.46948e-06 
136 245.507 13000.8 -1.01131e-05 
137 247.5 12998.9 -1.0652e-05 
138 249.495 12996.9 -1.08945e-05 
139 251.49 12994.9 -1.169e-05 
140 253.485 12992.9 -1.15823e-05 
141 255.48 12990.9 -1.20023e-05 
142 257.476 12988.9 -1.15864e-05 
143 259.471 12986.9 -1.25663e-05 
144 261.465 12984.9 -1.33208e-05 
145 263.459 12982.9 -1.26159e-05 
146 265.453 12980.9 -1.21816e-05 
147 267.445 12978.9 -1.19911e-05 
148 269.437 12976.9 -1.18319e-05 
149 271.427 12974.9 -1.25024e-05 
150 273.416 12972.9 -1.30768e-05 
151 275.403 12971 -1.2409e-05 
152 277.388 12969 -1.31545e-05 
153 279.37 12967 -1.18098e-05 
154 281.351 12965 -1.14157e-05 
155 283.328 12963 -1.16916e-05 
156 285.303 12961.1 -1.21229e-05 
157 287.274 12959.1 -1.20626e-05 
158 289.242 12957.1 -1.28028e-05 
159 291.206 12955.1 -1.36225e-05 
160 293.166 12953.2 -1.38813e-05 
161 295.121 12951.2 -1.40264e-05 
162 297.072 12949.3 -1.29489e-05 
163 299.018 12947.3 -1.29294e-05 
164 300.96 12945.4 -1.3364e-05 
165 302.896 12943.5 -1.33457e-05 
166 304.828 12941.5 -1.26285e-05 
167 306.754 12939.6 -1.27006e-05 
168 308.675 12937.7 -1.25128e-05 
169 310.591 12935.8 -1.21809e-05 
170 312.501 12933.9 -1.23606e-05 
171 314.407 12931.9 -1.08259e-05 
172 316.306 12930 -1.0915e-05 
173 318.2 12928.2 -1.00565e-05 
174 320.089 12926.3 -9.2562e-06 
175 321.973 12924.4 -8.59209e-06 
176 323.851 12922.5 -9.76317e-06 
177 325.724 12920.6 -9.86388e-06 
178 327.592 12918.8 -1.06885e-05 
179 329.456 12916.9 -1.04845e-05 
180 331.316 12915 -1.15191e-05 
181 333.171 12913.2 -1.11016e-05 
182 335.022 12911.3 -1.11184e-05 
183 336.87 12909.5 -1.14084e-05 
184 338.715 12907.6 -1.03865e-05 
185 340.557 12905.8 -1.04413e-05 
186 342.397 12904 -1.05457e-05 
187 344.234 12902.1 -1.09315e-05 
188 346.071 12900.3 -1.17422e-05 
189 347.907 12898.4 -1.13318e-05 
190 349.742 12896.6 -1.19239e-05 
191 351.577 12894.8 -1.18939e-05 
192 353.414 12892.9 -1.27701e-05 
193 355.251 12891.1 -1.30685e-05 
194 357.09 12889.3 -1.3405e-05 
195 358.931 12887.4 -1.35625e-05 
196 360.775 12885.6 -1.35116e-05 
197 362.623 12883.7 -1.38911e-05 
198 364.474 12881.9 -1.41545e-05 
199 366.329 12880 -1.22573e-05 
200 368.19 12878.2 -1.16219e-05 
201 370.055 12876.3 -1.17187e-05 
202 371.926 12874.4 -1.1424e-05 
203 373.804 12872.6 -1.12189e-05 
204 375.688 12870.7 -1.17998e-05 
205 377.58 12868.8 -1.24456e-05 
206 379.478 12866.9 -1.20268e-05 
207 381.385 12865 -1.17281e-05 
208 383.299 12863.1 -1.24242e-05 
209 385.222 12861.1 -1.2707e-05 
210 387.153 12859.2 -1.17695e-05 
211 389.092 12857.3 -1.18763e-05 
212 391.04 12855.3 -1.20326e-05 
213 392.996 12853.4 -1.19999e-05 
214 394.961 12851.4 -1.16679e-05 
215 396.934 12849.4 -1.21817e-05 
216 398.915 12847.4 -1.21709e-05 
217 400.905 12845.4 -1.11527e-05 
218 402.902 12843.5 -1.14504e-05 
219 404.907 12841.4 -1.16411e-05 
220 406.918 12839.4 -1.04689e-05 
221 408.936 12837.4 -1.04862e-05 
222 410.96 12835.4 -1.00033e-05 
223 412.99 12833.4 -9.91264e-06 
224 415.023 12831.3 -1.04149e-05 
225 417.061 12829.3 -1.04147e-05 
226 419.101 12827.3 -1.03691e-05 
227 421.144 12825.2 -1.01537e-05 
228 423.188 12823.2 -1.057e-05 
229 425.233 12821.1 -1.00255e-05 
230 427.277 12819.1 -1.19695e-05 
231 429.321 12817 -1.25095e-05 
232 431.362 12815 -1.28357e-05 
233 433.401 12813 -1.40224e-05 
234 435.435 12810.9 -1.35245e-05 
235 437.466 12808.9 -1.24008e-05 
236 439.492 12806.9 -1.32464e-05 
237 441.511 12804.8 -1.31968e-05 
238 443.524 12802.8 -1.32563e-05 
239 445.529 12800.8 -1.35723e-05 
240 447.527 12798.8 -1.15636e-05 
241 449.515 12796.8 -1.16521e-05 
242 451.495 12794.9 -1.1133e-05 
243 453.464 12792.9 -1.19599e-05 
244 455.424 12790.9 -1.14385e-05 
245 457.374 12789 -1.08958e-05 
246 459.313 12787 -1.03365e-05 
247 461.241 12785.1 -8.89005e-06 
248 463.159 12783.2 -7.89293e-06 
249 465.066 12781.3 -9.45338e-06 
250 466.962 12779.4 -8.78005e-06 
251 468.848 12777.5 -8.79939e-06 
252 470.724 12775.6 -8.94546e-06 
253 472.589 12773.8 -1.01062e-05 
254 474.445 12771.9 -9.1933e-06 
255 476.292 12770.1 -8.53223e-06 
256 478.13 12768.2 -8.7477e-06 
257 479.96 12766.4 -8.66635e-06 
258 481.783 12764.6 -9.11834e-06 
259 483.598 12762.8 -8.96306e-06 
260 485.408 12760.9 -8.8399e-06 
261 487.213 12759.1 -9.48779e-06 
262 489.013 12757.3 -9.8128e-06 
263 490.81 12755.5 -1.08433e-05 
264 492.604 12753.8 -1.08822e-05 
265 494.396 12752 -1.04727e-05 
266 496.187 12750.2 -9.92082e-06 
267 497.978 12748.4 -1.09449e-05 
268 499.771 12746.6 -9.63175e-06 
269 501.565 12744.8 -9.14382e-06 
270 503.362 12743 -9.88466e-06 
271 505.163 12741.2 -8.96447e-06 
272 506.969 12739.4 -9.20113e-06 
273 508.781 12737.6 -9.48497e-06 
274 510.6 12735.8 -1.01115e-05 
275 512.426 12733.9 -1.00704e-05 
276 514.26 12732.1 -1.06916e-05 
277 516.102 12730.3 -1.04712e-05 
278 517.955 12728.4 -1.08855e-05 
279 519.817 12726.5 -9.99691e-06 
280 521.69 12724.7 -1.08886e-05 
281 523.574 12722.8 -1.20865e-05 
282 525.47 12720.9 -1.10889e-05 
283 527.378 12719 -1.32016e-05 
284 529.297 12717.1 -1.32116e-05 
285 531.228 12715.1 -1.41159e-05 
286 533.172 12713.2 -1.46762e-05 
287 535.128 12711.2 -1.42034e-05 
288 537.095 12709.3 -1.5235e-05 
289 539.074 12707.3 -1.51467e-05 
290 541.065 12705.3 -1.54425e-05 
291 543.066 12703.3 -1.54404e-05 
292 545.077 12701.3 -1.60439e-05 
293 547.097 12699.3 -1.58115e-05 
294 549.126 12697.2 -1.43598e-05 
295 551.164 12695.2 -1.36835e-05 
296 553.208 12693.1 -1.42307e-05 
297 555.258 12691.1 -1.49048e-05 
298 557.313 12689 -1.56226e-05 
299 559.373 12687 -1.60211e-05 
300 561.435 12684.9 -1.69125e-05 
301 563.499 12682.9 -1.73554e-05 
302 565.564 12680.8 -1.76782e-05 
303 567.629 12678.7 -1.76021e-05 
304 569.692 12676.7 -1.75662e-05 
305 571.752 12674.6 -1.74784e-05 
306 573.808 12672.5 -1.70368e-05 
307 575.859 12670.5 -1.85209e-05 
308 577.903 12668.5 -1.81662e-05 
309 579.941 12666.4 -1.84028e-05 
310 581.969 12664.4 -1.7958e-05 
311 583.989 12662.4 -1.66112e-05 
312 585.999 12660.4 -1.83441e-05 
313 587.998 12658.4 -1.88975e-05 
314 589.987 12656.4 -1.89211e-05 
315 591.963 12654.4 -1.88538e-05 
316 593.928 12652.4 -1.92352e-05 
317 595.88 12650.5 -1.9251e-05 
318 597.82 12648.5 -1.86865e-05 
319 599.748 12646.6 -1.78129e-05 
320 601.662 12644.7 -1.83504e-05 
321 603.565 12642.8 -1.92969e-05 
322 605.455 12640.9 -2.04682e-05 
323 607.333 12639 -2.11594e-05 
324 609.2 12637.2 -2.02474e-05 
325 611.056 12635.3 -2.11577e-05 
326 612.901 12633.5 -2.13332e-05 
327 614.737 12631.6 -2.21389e-05 
328 616.564 12629.8 -2.14093e-05 
329 618.383 12628 -2.21778e-05 
330 620.195 12626.2 -2.1112e-05 
331 622.001 12624.4 -2.02499e-05 
332 623.801 12622.6 -2.06934e-05 
333 625.597 12620.8 -2.06696e-05 
334 627.39 12619 -2.20204e-05 
335 629.18 12617.2 -2.25838e-05 
336 630.97 12615.4 -2.32059e-05 
337 632.76 12613.6 -2.21326e-05 
338 634.552 12611.8 -2.17331e-05 
339 636.346 12610 -2.28528e-05 
340 638.143 12608.2 -2.26032e-05 
341 639.946 12606.4 -2.33032e-05 
342 641.754 12604.6 -2.317e-05 
343 643.569 12602.8 -2.18959e-05 
344 645.393 12601 -2.29733e-05 
345 647.225 12599.1 -2.14006e-05 
346 649.067 12597.3 -2.20775e-05 
347 650.92 12595.4 -2.16101e-05 
348 652.785 12593.6 -2.15278e-05 
349 654.662 12591.7 -2.09307e-05 
350 656.552 12589.8 -2.1116e-05 
351 658.455 12587.9 -2.08557e-05 
352 660.372 12586 -2.05189e-05 
353 662.304 12584.1 -1.96207e-05 
354 664.25 12582.1 -2.04086e-05 
355 666.211 12580.1 -2.16215e-05 
356 668.186 12578.2 -1.96583e-05 
357 670.177 12576.2 -2.00005e-05 
358 672.182 12574.2 -2.03376e-05 
359 674.201 12572.2 -2.028e-05 
360 676.235 12570.1 -1.99796e-05 
361 678.282 12568.1 -2.09391e-05 
362 680.342 12566 -1.77648e-05 
363 682.414 12563.9 -1.70212e-05 
364 684.499 12561.9 -1.71122e-05 
365 686.594 12559.8 -1.7118e-05 
366 688.7 12557.7 -1.73309e-05 
367 690.814 12555.5 -1.84883e-05 
368 692.936 12553.4 -1.7815e-05 
369 695.064 12551.3 -1.75646e-05 
370 697.197 12549.2 -1.85922e-05 
371 699.334 12547 -2.05137e-05 
372 701.472 12544.9 -2.13175e-05 
373 703.611 12542.7 -2.12092e-05 
374 705.748 12540.6 -2.10228e-05 
375 707.882 12538.5 -2.18519e-05 
376 710.011 12536.3 -2.24814e-05 
377 712.134 12534.2 -2.23829e-05 
378 714.25 12532.1 -2.17363e-05 
379 716.356 12530 -2.23136e-05 
380 718.452 12527.9 -2.23354e-05 
381 720.537 12525.8 -2.3357e-05 
382 722.61 12523.7 -2.30498e-05 
383 724.669 12521.7 -2.31961e-05 
384 726.714 12519.6 -2.27241e-05 
385 728.744 12517.6 -2.11473e-05 
386 730.759 12515.6 -2.02658e-05 
387 732.756 12513.6 -2.1141e-05 
388 734.737 12511.6 -2.15689e-05 
389 736.7 12509.7 -2.0566e-05 
390 738.645 12507.7 -2.11162e-05 
391 740.573 12505.8 -2.06934e-05 
392 742.482 12503.9 -1.82483e-05 
393 744.374 12502 -1.76662e-05 
394 746.249 12500.1 -1.81673e-05 
395 748.107 12498.2 -1.76454e-05 
396 749.949 12496.4 -1.70326e-05 
397 751.775 12494.6 -1.57888e-05 
398 753.586 12492.8 -1.53488e-05 
399 755.384 12491 -1.61451e-05 
400 757.169 12489.2 -1.56586e-05 
401 758.942 12487.4 -1.43077e-05 
402 760.705 12485.7 -1.52512e-05 
403 762.459 12483.9 -1.32021e-05 
404 764.205 12482.2 -1.46546e-05 
405 765.945 12480.4 -1.51069e-05 
406 767.679 12478.7 -1.35812e-05 
407 769.41 12476.9 -1.37714e-05 
408 771.138 12475.2 -1.58362e-05 
409 772.865 12473.5 -1.52011e-05 
410 774.592 12471.8 -1.50539e-05 
411 776.32 12470 -1.4484e-05 
412 778.051 12468.3 -1.50637e-05 
413 779.787 12466.6 -1.68152e-05 
414 781.527 12464.8 -1.67729e-05 
415 783.273 12463.1 -1.55689e-05 
416 785.028 12461.3 -1.39505e-05 
417 786.79 12459.6 -1.43576e-05 
418 788.563 12457.8 -1.47249e-05 
419 790.345 12456 -1.61835e-05 
420 792.14 12454.2 -1.71955e-05 
421 793.946 12452.4 -1.87749e-05 
422 795.766 12450.6 -1.81627e-05 
423 797.599 12448.8 -1.67672e-05 
424 799.447 12446.9 -1.74263e-05 
425 801.308 12445 -2.04396e-05 
426 803.185 12443.2 -2.20646e-05 
427 805.077 12441.3 -2.2779e-05 
428 806.984 12439.4 -2.29501e-05 
429 808.907 12437.4 -2.29967e-05 
430 810.845 12435.5 -2.30168e-05 
431 812.798 12433.6 -2.19401e-05 
432 814.766 12431.6 -2.23547e-05 
433 816.749 12429.6 -2.221e-05 
434 818.746 12427.6 -2.14513e-05 
435 820.756 12425.6 -2.12174e-05 
436 822.779 12423.6 -2.05784e-05 
437 824.815 12421.5 -2.04953e-05 
438 826.863 12419.5 -2.11285e-05 
439 828.921 12417.4 -2.16974e-05 
440 830.99 12415.4 -2.20251e-05 
441 833.067 12413.3 -2.20464e-05 
442 835.152 12411.2 -2.28026e-05 
443 837.243 12409.1 -2.34955e-05 
444 839.34 12407 -2.34274e-05 
445 841.441 12404.9 -2.31243e-05 
446 843.544 12402.8 -2.33767e-05 
447 845.648 12400.7 -2.50891e-05 
448 847.752 12398.6 -2.50989e-05 
449 849.854 12396.5 -2.52982e-05 
450 851.953 12394.4 -2.5627e-05 
451 854.048 12392.3 -2.64834e-05 
452 856.136 12390.2 -2.67927e-05 
453 858.218 12388.1 -2.77463e-05 
454 860.291 12386.1 -2.88814e-05 
455 862.355 12384 -2.83849e-05 
456 864.409 12381.9 -2.84356e-05 
457 866.452 12379.9 -2.81744e-05 
458 868.485 12377.9 -2.81129e-05 
459 870.505 12375.9 -2.8887e-05 
460 872.513 12373.8 -2.9816e-05 
461 874.509 12371.8 -2.94205e-05 
462 876.492 12369.9 -3.06393e-05 
463 878.461 12367.9 -3.08336e-05 
464 880.417 12365.9 -3.03203e-05 
465 882.36 12364 -2.8707e-05 
466 884.29 12362.1 -2.93778e-05 
467 886.207 12360.1 -3.05459e-05 
468 888.111 12358.2 -3.03245e-05 
469 890.002 12356.4 -3.09795e-05 
470 891.881 12354.5 -3.09837e-05 
471 893.749 12352.6 -2.97556e-05 
472 895.606 12350.7 -2.92795e-05 
473 897.452 12348.9 -2.94424e-05 
474 899.289 12347.1 -3.09987e-05 
475 901.116 12345.2 -3.25122e-05 
476 902.936 12343.4 -3.28222e-05 
477 904.748 12341.6 -3.33748e-05 
478 906.555 12339.8 -3.21563e-05 
479 908.356 12338 -3.19773e-05 
480 910.153 12336.2 -3.17388e-05 
481 911.948 12334.4 -3.19265e-05 
482 913.74 12332.6 -3.21518e-05 
483 915.531 12330.8 -3.1648e-05 
484 917.323 12329 -3.21846e-05 
485 919.115 12327.2 -3.15424e-05 
486 920.909 12325.4 -2.93109e-05 
487 922.706 12323.6 -2.86587e-05 
488 924.507 12321.8 -2.92193e-05 
489 926.312 12320 -2.72047e-05 
490 928.122 12318.2 -2.54186e-05 
491 929.938 12316.4 -2.46635e-05 
492 931.761 12314.6 -2.60483e-05 
493 933.591 12312.8 -2.61679e-05 
494 935.429 12310.9 -2.84356e-05 
495 937.275 12309.1 -2.69297e-05 
496 939.131 12307.2 -2.70223e-05 
497 940.996 12305.4 -2.60409e-05 
498 942.871 12303.5 -2.68068e-05 
499 944.757 12301.6 -2.55445e-05 
500 946.653 12299.7 -2.56227e-05 
501 948.561 12297.8 -2.48954e-05 
502 950.479 12295.9 -2.57047e-05 
503 952.409 12293.9 -2.74856e-05 
504 954.35 12292 -2.5435e-05 
505 956.302 12290.1 -2.40532e-05 
506 958.266 12288.1 -2.58258e-05 
507 960.24 12286.1 -2.56067e-05 
508 962.225 12284.1 -2.61312e-05 
509 964.221 12282.1 -2.57942e-05 
510 966.226 12280.1 -2.59554e-05 
511 968.242 12278.1 -2.56517e-05 
512 970.266 12276.1 -2.46672e-05 
513 972.298 12274.1 -2.43399e-05 
514 974.339 12272 -2.46967e-05 
515 976.386 12270 -2.49624e-05 
516 978.439 12267.9 -2.53143e-05 
517 980.498 12265.9 -2.46042e-05 
518 982.561 12263.8 -2.3083e-05 
519 984.627 12261.7 -2.29236e-05 
520 986.696 12259.7 -2.4308e-05 
521 988.766 12257.6 -2.48826e-05 
522 990.836 12255.5 -2.44179e-05 
523 992.906 12253.4 -2.60911e-05 
524 994.974 12251.4 -2.76619e-05 
525 997.039 12249.3 -2.78379e-05 
526 999.1 12247.3 -2.89426e-05 
527 1001.16 12245.2 -3.30021e-05 
528 1003.21 12243.1 -3.13588e-05 
529 1005.25 12241.1 -3.08105e-05 
530 1007.29 12239.1 -3.08637e-05 
531 1009.32 12237 -3.05851e-05 
532 1011.35 12235 -3.2101e-05 
533 1013.36 12233 -3.14434e-05 
534 1015.37 12231 -3.15572e-05 
535 1017.36 12229 -2.92701e-05 
536 1019.35 12227 -2.9278e-05 
537 1021.33 12225 -3.09008e-05 
538 1023.29 12223.1 -3.30861e-05 
539 1025.25 12221.1 -3.45577e-05 
540 1027.2 12219.2 -3.45369e-05 
541 1029.14 12217.2 -3.44279e-05 
542 1031.07 12215.3 -3.39057e-05 
543 1032.99 12213.4 -3.30109e-05 
544 1034.91 12211.4 -3.38261e-05 
545 1036.81 12209.5 -3.43938e-05 
546 1038.71 12207.6 -3.19209e-05 
547 1040.6 12205.8 -3.0998e-05 
548 1042.48 12203.9 -3.08417e-05 
549 1044.35 12202 -2.9206e-05 
550 1046.22 12200.1 -3.06211e-05 
551 1048.08 12198.3 -2.97877e-05 
552 1049.94 12196.4 -3.01322e-05 
553 1051.79 12194.6 -2.9838e-05 
554 1053.64 12192.7 -2.90281e-05 
555 1055.49 12190.9 -2.87169e-05 
556 1057.33 12189 -2.79794e-05 
557 1059.16 12187.2 -2.87073e-05 
558 1061 12185.4 -2.8991e-05 
559 1062.84 12183.5 -2.76004e-05 
560 1064.67 12181.7 -2.73911e-05 
561 1066.5 12179.9 -2.75569e-05 
562 1068.33 12178 -2.67575e-05 
563 1070.17 12176.2 -2.68653e-05 
564 1072 12174.4 -2.74739e-05 
565 1073.83 12172.5 -2.95894e-05 
566 1075.66 12170.7 -2.92451e-05 
567 1077.5 12168.9 -2.85932e-05 
568 1079.34 12167 -2.74725e-05 
569 1081.18 12165.2 -2.75916e-05 
570 1083.02 12163.3 -2.7528e-05 
571 1084.87 12161.5 -2.74024e-05 
572 1086.72 12159.6 -2.72181e-05 
573 1088.58 12157.8 -2.48496e-05 
574 1090.44 12155.9 -2.40173e-05 
575 1092.31 12154 -2.30668e-05 
576 1094.18 12152.2 -2.40485e-05 
577 1096.06 12150.3 -2.37315e-05 
578 1097.95 12148.4 -2.31391e-05 
579 1099.84 12146.5 -1.96077e-05 
580 1101.74 12144.6 -1.79216e-05 
581 1103.65 12142.7 -1.82338e-05 
582 1105.56 12140.8 -1.83599e-05 
583 1107.48 12138.9 -1.71198e-05 
584 1109.41 12136.9 -1.68204e-05 
585 1111.34 12135 -1.73544e-05 
586 1113.28 12133.1 -1.71417e-05 
587 1115.23 12131.1 -1.62974e-05 
588 1117.19 12129.2 -1.61387e-05 
589 1119.15 12127.2 -1.46017e-05 
590 1121.11 12125.2 -1.47231e-05 
591 1123.09 12123.3 -1.48596e-05 
592 1125.06 12121.3 -1.61863e-05 
593 1127.05 12119.3 -1.67208e-05 
594 1129.03 12117.3 -1.70875e-05 
595 1131.02 12115.3 -1.87654e-05 
596 1133.01 12113.3 -1.87041e-05 
597 1135.01 12111.3 -1.78255e-05 
598 1137 12109.4 -1.58128e-05 
599 1139 12107.4 -1.50482e-05 
600 1141 12105.4 -1.23253e-05 
601 1142.99 12103.4 -1.46254e-05 
602 1144.99 12101.4 -1.60153e-05 
603 1146.98 12099.4 -1.47983e-05 
604 1148.97 12097.4 -1.49433e-05 
605 1150.96 12095.4 -1.56146e-05 
606 1152.94 12093.4 -1.60743e-05 
607 1154.92 12091.4 -1.57945e-05 
608 1156.9 12089.5 -1.69156e-05 
609 1158.87 12087.5 -1.57036e-05 
610 1160.84 12085.5 -1.46529e-05 
611 1162.8 12083.6 -1.24981e-05 
612 1164.75 12081.6 -1.02817e-05 
613 1166.7 12079.7 -8.8304e-06 
614 1168.65 12077.7 -8.6535e-06 
615 1170.58 12075.8 -1.13473e-05 
616 1172.51 12073.8 -1.26361e-05 
617 1174.43 12071.9 -1.20708e-05 
618 1176.35 12070 -1.04787e-05 
619 1178.26 12068.1 -1.09884e-05 
620 1180.16 12066.2 -1.02716e-05 
621 1182.06 12064.3 -1.1228e-05 
622 1183.95 12062.4 -1.09544e-05 
623 1185.84 12060.5 -1.05544e-05 
624 1187.72 12058.6 -1.27931e-05 
625 1189.6 12056.8 -1.02489e-05 
626 1191.47 12054.9 -1.19322e-05 
627 1193.34 12053 -1.1255e-05 
628 1195.21 12051.1 -1.09416e-05 
629 1197.08 12049.3 -1.28412e-05 
630 1198.94 12047.4 -1.05336e-05 
631 1200.8 12045.6 -1.13328e-05 
632 1202.65 12043.7 -1.23395e-05 
633 1204.51 12041.8 -1.34288e-05 
634 1206.37 12040 -1.30449e-05 
635 1208.22 12038.1 -1.14265e-05 
636 1210.07 12036.3 -1.01767e-05 
637 1211.93 12034.4 -1.0498e-05 
638 1213.78 12032.6 -1.12647e-05 
639 1215.64 12030.7 -9.44985e-06 
640 1217.5 12028.9 -1.00631e-05 
641 1219.36 12027 -1.08424e-05 
642 1221.22 12025.1 -8.91331e-06 
643 1223.09 12023.3 -1.00034e-05 
644 1224.95 12021.4 -1.05477e-05 
645 1226.83 12019.5 -8.92921e-06 
646 1228.7 12017.7 -7.57899e-06 
647 1230.58 12015.8 -6.54231e-06 
648 1232.46 12013.9 -6.6745e-06 
649 1234.35 12012 -7.30294e-06 
650 1236.24 12010.1 -7.09265e-06 
651 1238.13 12008.2 -8.80512e-06 
652 1240.03 12006.3 -9.66069e-06 
653 1241.93 12004.4 -7.2257e-06 
654 1243.84 12002.5 -6.12122e-06 
655 1245.75 12000.6 -5.4441e-06 
656 1247.67 11998.7 -3.12921e-06 
657 1249.59 11996.8 -4.73449e-06 
658 1251.51 11994.8 -3.2228e-06 
659 1253.44 11992.9 -3.78182e-06 
660 1255.37 11991 -4.83885e-06 
661 1257.31 11989 -4.16804e-06 
662 1259.25 11987.1 -3.64913e-06 
663 1261.2 11985.2 -3.11465e-06 
664 1263.15 11983.2 -1.47709e-06 
665 1265.1 11981.2 -3.43095e-06 
666 1267.06 11979.3 -1.26388e-06 
667 1269.03 11977.3 -1.86281e-06 
668 1270.99 11975.4 4.63408e-07 
669 1272.96 11973.4 2.33581e-06 
670 1274.93 11971.4 1.77425e-06 
671 1276.9 11969.5 2.00713e-06 
672 1278.88 11967.5 3.57945e-06 
673 1280.85 11965.5 2.94555e-06 
674 1282.83 11963.5 3.50024e-06 
675 1284.81 11961.5 1.93301e-06 
676 1286.78 11959.6 3.07479e-07 
677 1288.76 11957.6 -2.12713e-06 
678 1290.73 11955.6 -3.35435e-06 
679 1292.71 11953.6 -3.39353e-06 
680 1294.68 11951.7 -2.16936e-06 
681 1296.66 11949.7 5.49426e-07 
682 1298.63 11947.7 1.84971e-06 
683 1300.6 11945.8 1.92443e-06 
684 1302.57 11943.8 1.86248e-07 
685 1304.53 11941.8 -2.25628e-07 
686 1306.5 11939.9 1.56814e-07 
687 1308.46 11937.9 5.43509e-07 
688 1310.42 11935.9 5.71963e-07 
689 1312.38 11934 -1.79934e-06 
690 1314.34 11932 -1.23761e-08 
691 1316.29 11930.1 -1.67064e-07 
692 1318.25 11928.1 -1.54236e-08 
693 1320.2 11926.2 4.06306e-07 
694 1322.15 11924.2 -2.50686e-06 
695 1324.1 11922.3 -2.65408e-06 
696 1326.05 11920.3 -2.83478e-06 
697 1328 11918.4 -3.73214e-06 
698 1329.95 11916.4 -2.69241e-06 
699 1331.9 11914.5 -7.21479e-07 
700 1333.85 11912.5 -5.30577e-07 
701 1335.8 11910.6 -5.68678e-07 
702 1337.75 11908.6 -3.53158e-06 
703 1339.7 11906.7 -6.04475e-06 
704 1341.65 11904.7 -4.65199e-06 
705 1343.61 11902.7 -3.75699e-06 
706 1345.56 11900.8 -2.79501e-06 
707 1347.52 11898.8 -2.32573e-06 
708 1349.48 11896.9 5.77281e-07 
709 1351.45 11894.9 -1.75546e-06 
710 1353.41 11892.9 -1.11177e-06 
711 1355.38 11891 -7.34351e-07 
712 1357.35 11889 2.72567e-07 
713 1359.33 11887 1.31163e-06 
714 1361.31 11885 1.56972e-06 
715 1363.29 11883.1 2.70247e-06 
716 1365.27 11881.1 3.72125e-06 
717 1367.26 11879.1 -1.4092e-08 
718 1369.25 11877.1 4.95367e-07 
719 1371.25 11875.1 -1.4267e-07 
720 1373.24 11873.1 -5.80257e-07 
721 1375.24 11871.1 6.33159e-07 
722 1377.24 11869.1 3.61707e-07 
723 1379.25 11867.1 1.33622e-06 
724 1381.26 11865.1 -1.95576e-07 
725 1383.27 11863.1 -2.44779e-06 
726 1385.28 11861.1 -3.94083e-06 
727 1387.3 11859.1 -2.34856e-06 
728 1389.32 11857 -1.22067e-06 
729 1391.34 11855 2.20701e-06 
730 1393.37 11853 3.76032e-06 
731 1395.4 11851 5.2055e-06 
732 1397.43 11848.9 7.76765e-06 
733 1399.46 11846.9 1.03781e-05 
734 1401.5 11844.9 9.2798e-06 
735 1403.54 11842.8 8.4442e-06 
736 1405.57 11840.8 7.21545e-06 
737 1407.61 11838.7 7.60344e-06 
738 1409.66 11836.7 7.31737e-06 
739 1411.7 11834.7 9.50687e-06 
740 1413.74 11832.6 8.34938e-06 
741 1415.78 11830.6 9.35872e-06 
742 1417.82 11828.5 8.85189e-06 
743 1419.85 11826.5 1.19147e-05 
744 1421.89 11824.5 1.07469e-05 
745 1423.92 11822.4 1.0946e-05 
746 1425.95 11820.4 1.03547e-05 
747 1427.97 11818.4 9.57907e-06 
748 1429.99 11816.4 8.42962e-06 
749 1432.01 11814.3 8.36497e-06 
750 1434.02 11812.3 8.28434e-06 
751 1436.02 11810.3 8.45757e-06 
752 1438.01 11808.3 7.66445e-06 
753 1440 11806.4 7.18342e-06 
754 1441.98 11804.4 5.86885e-06 
755 1443.94 11802.4 6.87307e-06 
756 1445.9 11800.5 4.65021e-06 
757 1447.85 11798.5 5.34444e-06 
758 1449.79 11796.6 5.4615e-06 
759 1451.71 11794.6 4.30125e-06 
760 1453.63 11792.7 3.48248e-06 
761 1455.53 11790.8 4.33603e-07 
762 1457.42 11788.9 2.63193e-06 
763 1459.3 11787.1 1.10701e-06 
764 1461.17 11785.2 1.30804e-06 
765 1463.04 11783.3 4.02684e-07 
766 1464.89 11781.5 -3.55624e-07 
767 1466.73 11779.6 -1.58249e-06 
768 1468.57 11777.8 -3.97413e-07 
769 1470.39 11776 -9.95698e-07 
770 1472.22 11774.1 -4.09518e-06 
771 1474.03 11772.3 -4.02021e-06 
772 1475.85 11770.5 -4.30741e-06 
773 1477.66 11768.7 -4.99925e-06 
774 1479.46 11766.9 -5.54479e-06 
775 1481.27 11765.1 -4.75641e-06 
776 1483.07 11763.3 -5.83083e-06 
777 1484.88 11761.5 -7.36918e-06 
778 1486.68 11759.7 -7.40635e-06 
779 1488.49 11757.9 -7.69783e-06 
780 1490.29 11756.1 -9.3219e-06 
781 1492.1 11754.3 -7.63094e-06 
782 1493.91 11752.4 -5.28415e-06 
783 1495.73 11750.6 -5.98365e-06 
784 1497.54 11748.8 -6.23356e-06 
785 1499.36 11747 -4.72252e-06 
786 1501.18 11745.2 -5.89169e-06 
787 1503.01 11743.3 -4.84572e-06 
788 1504.84 11741.5 -6.18364e-06 
789 1506.67 11739.7 -4.27069e-06 
790 1508.51 11737.8 -4.69967e-06 
791 1510.36 11736 -1.90122e-06 
792 1512.2 11734.1 -1.08625e-06 
793 1514.06 11732.3 -1.50295e-06 
794 1515.92 11730.4 -2.64666e-06 
795 1517.78 11728.6 -3.10556e-06 
796 1519.65 11726.7 -2.3808e-06 
797 1521.53 11724.8 6.64265e-07 
798 1523.41 11722.9 1.29638e-06 
799 1525.3 11721.1 1.0447e-06 
800 1527.2 11719.2 1.01853e-07 
801 1529.1 11717.3 2.59791e-07 
802 1531 11715.3 -1.21255e-07 
803 1532.92 11713.4 -7.05129e-07 
804 1534.84 11711.5 -4.06895e-06 
805 1536.76 11709.6 -3.19959e-06 
806 1538.69 11707.7 -5.91439e-06 
807 1540.62 11705.7 -7.09301e-06 
808 1542.56 11703.8 -9.84906e-06 
809 1544.5 11701.9 -1.09212e-05 
810 1546.44 11699.9 -1.07126e-05 
811 1548.39 11698 -1.15532e-05 
812 1550.34 11696 -1.17838e-05 
813 1552.29 11694.1 -1.02921e-05 
814 1554.24 11692.1 -9.87183e-06 
815 1556.19 11690.2 -9.33645e-06 
816 1558.15 11688.2 -9.46357e-06 
817 1560.1 11686.3 -1.02794e-05 
818 1562.05 11684.3 -1.11668e-05 
819 1564 11682.4 -1.10924e-05 
820 1565.95 11680.4 -1.16983e-05 
821 1567.9 11678.5 -1.06876e-05 
822 1569.84 11676.5 -1.03259e-05 
823 1571.79 11674.6 -9.24664e-06 
824 1573.73 11672.6 -7.73513e-06 
825 1575.67 11670.7 -1.06587e-05 
826 1577.61 11668.7 -1.24546e-05 
827 1579.55 11666.8 -9.60012e-06 
828 1581.49 11664.9 -7.33667e-06 
829 1583.43 11662.9 -8.72049e-06 
830 1585.38 11661 -9.80589e-06 
831 1587.32 11659 -9.37739e-06 
832 1589.27 11657.1 -9.79396e-06 
833 1591.21 11655.1 -1.22254e-05 
834 1593.16 11653.2 -1.17649e-05 
835 1595.12 11651.2 -1.11651e-05 
836 1597.07 11649.3 -9.84426e-06 
837 1599.03 11647.3 -1.24629e-05 
838 1600.99 11645.4 -1.24033e-05 
839 1602.95 11643.4 -1.15806e-05 
840 1604.91 11641.4 -1.052e-05 
841 1606.88 11639.5 -7.77221e-06 
842 1608.84 11637.5 -7.72463e-06 
843 1610.81 11635.5 -8.59357e-06 
844 1612.78 11633.6 -6.28974e-06 
845 1614.75 11631.6 -5.85957e-06 
846 1616.71 11629.6 -6.42884e-06 
847 1618.68 11627.7 -6.1853e-06 
848 1620.64 11625.7 -5.33878e-06 
849 1622.61 11623.7 -5.63806e-06 
850 1624.57 11621.8 -5.58013e-06 
851 1626.53 11619.8 -3.03736e-06 
852 1628.48 11617.9 -3.21276e-06 
853 1630.43 11615.9 -4.73467e-06 
854 1632.38 11614 -4.61592e-06 
855 1634.32 11612 -1.8631e-06 
856 1636.26 11610.1 -2.59816e-06 
857 1638.19 11608.2 -5.85625e-06 
858 1640.12 11606.2 -4.91505e-06 
859 1642.04 11604.3 -1.88268e-06 
860 1643.96 11602.4 -4.97716e-07 
861 1645.87 11600.5 -2.09147e-07 
862 1647.78 11598.6 2.36909e-07 
863 1649.68 11596.7 3.5311e-07 
864 1651.58 11594.8 7.82943e-08 
865 1653.48 11592.9 -2.97406e-08 
866 1655.38 11591 -7.06172e-07 
867 1657.27 11589.1 -2.33862e-06 
868 1659.17 11587.2 -3.15046e-06 
869 1661.06 11585.3 -3.5761e-06 
870 1662.96 11583.4 -4.18242e-06 
871 1664.86 11581.5 -5.03752e-06 
872 1666.76 11579.6 -1.84891e-06 
873 1668.67 11577.7 7.0754e-07 
874 1670.58 11575.8 1.15576e-06 
875 1672.5 11573.9 5.52433e-07 
876 1674.42 11571.9 1.99704e-06 
877 1676.35 11570 6.32356e-07 
878 1678.29 11568.1 -5.14994e-07 
879 1680.24 11566.1 4.13974e-07 
880 1682.19 11564.2 2.18429e-06 
881 1684.16 11562.2 5.50425e-06 
882 1686.13 11560.2 5.29049e-06 
883 1688.12 11558.2 5.232e-06 
884 1690.11 11556.2 5.95528e-06 
885 1692.12 11554.2 6.61597e-06 
886 1694.13 11552.2 8.25396e-06 
887 1696.16 11550.2 9.67252e-06 
888 1698.2 11548.2 6.93911e-06 
889 1700.24 11546.1 6.42287e-06 
890 1702.3 11544.1 6.59963e-06 
891 1704.37 11542 8.19035e-06 
892 1706.44 11539.9 9.17929e-06 
893 1708.52 11537.8 1.16465e-05 
894 1710.61 11535.7 1.31077e-05 
895 1712.7 11533.7 1.18278e-05 
896 1714.8 11531.6 1.07011e-05 
897 1716.9 11529.5 1.32099e-05 
898 1719.01 11527.3 1.098e-05 
899 1721.11 11525.2 1.12507e-05 
900 1723.21 11523.1 1.10021e-05 
901 1725.31 11521 1.07723e-05 
902 1727.41 11518.9 1.12847e-05 
903 1729.5 11516.9 9.50815e-06 
904 1731.59 11514.8 9.63925e-06 
905 1733.67 11512.7 1.08922e-05 
906 1735.73 11510.6 1.22751e-05 
907 1737.79 11508.6 1.66759e-05 
908 1739.84 11506.5 1.47182e-05 
909 1741.87 11504.5 1.23224e-05 
910 1743.89 11502.5 1.14965e-05 
911 1745.9 11500.5 1.17597e-05 
912 1747.89 11498.5 1.17574e-05 
913 1749.87 11496.5 9.98056e-06 
914 1751.83 11494.5 1.38364e-05 
915 1753.78 11492.6 1.10213e-05 
916 1755.71 11490.6 1.12844e-05 
917 1757.62 11488.7 1.15509e-05 
918 1759.52 11486.8 1.1068e-05 
919 1761.4 11485 9.38259e-06 
920 1763.26 11483.1 9.08917e-06 
921 1765.11 11481.2 9.43513e-06 
922 1766.94 11479.4 9.40412e-06 
923 1768.76 11477.6 9.96895e-06 
924 1770.56 11475.8 1.22358e-05 
925 1772.35 11474 1.29283e-05 
926 1774.13 11472.2 9.93477e-06 
927 1775.9 11470.5 8.396e-06 
928 1777.65 11468.7 9.21529e-06 
929 1779.4 11466.9 1.03231e-05 
930 1781.15 11465.2 8.87464e-06 
931 1782.89 11463.5 8.9278e-06 
932 1784.63 11461.7 6.77959e-06 
933 1786.36 11460 8.48276e-06 
934 1788.1 11458.3 5.54336e-06 
935 1789.84 11456.5 2.45878e-06 
936 1791.59 11454.8 2.93295e-06 
937 1793.34 11453 2.19841e-06 
938 1795.09 11451.3 2.28706e-06 
939 1796.86 11449.5 2.42665e-06 
940 1798.63 11447.7 7.85298e-07 
941 1800.42 11445.9 1.91959e-06 
942 1802.21 11444.1 1.84874e-06 
943 1804.02 11442.3 1.16534e-07 
944 1805.84 11440.5 5.72436e-07 
945 1807.67 11438.7 3.50757e-07 
946 1809.51 11436.8 -3.54838e-07 
947 1811.37 11435 -1.81251e-07 
948 1813.25 11433.1 1.13357e-07 
949 1815.14 11431.2 -1.76428e-06 
950 1817.04 11429.3 -1.70288e-06 
951 1818.96 11427.4 -2.53881e-06 
952 1820.9 11425.5 -4.81583e-07 
953 1822.85 11423.5 -6.47994e-07 
954 1824.82 11421.5 -2.73126e-06 
955 1826.8 11419.6 -2.55455e-06 
956 1828.79 11417.6 -5.47707e-07 
957 1830.8 11415.6 1.8485e-06 
958 1832.82 11413.5 4.21816e-06 
959 1834.85 11411.5 4.20472e-06 
960 1836.88 11409.5 5.43185e-06 
961 1838.93 11407.4 5.67659e-06 
962 1840.99 11405.4 4.98276e-06 
963 1843.05 11403.3 4.70361e-06 
964 1845.12 11401.2 5.65185e-06 
965 1847.19 11399.2 6.84078e-06 
966 1849.27 11397.1 6.88648e-06 
967 1851.34 11395 5.53136e-06 
968 1853.42 11392.9 6.10606e-06 
969 1855.49 11390.9 7.69534e-06 
970 1857.57 11388.8 7.94553e-06 
971 1859.64 11386.7 9.7713e-06 
972 1861.7 11384.6 1.0325e-05 
973 1863.77 11382.6 1.12935e-05 
974 1865.83 11380.5 1.19066e-05 
975 1867.88 11378.5 1.19116e-05 
976 1869.93 11376.4 1.29413e-05 
977 1871.98 11374.4 1.5483e-05 
978 1874.02 11372.3 1.49363e-05 
979 1876.05 11370.3 1.77828e-05 
980 1878.08 11368.3 1.98479e-05 
981 1880.11 11366.2 2.00492e-05 
982 1882.13 11364.2 2.04821e-05 
983 1884.14 11362.2 1.9715e-05 
984 1886.15 11360.2 2.05557e-05 
985 1888.15 11358.2 2.08654e-05 
986 1890.15 11356.2 2.1443e-05 
987 1892.14 11354.2 2.06522e-05 
988 1894.13 11352.2 2.16782e-05 
989 1896.12 11350.2 2.08467e-05 
990 1898.1 11348.3 2.21621e-05 
991 1900.07 11346.3 2.08353e-05 
992 1902.04 11344.3 2.02788e-05 
993 1904.01 11342.3 2.02854e-05 
994 1905.97 11340.4 2.10676e-05 
995 1907.92 11338.4 2.1688e-05 
996 1909.87 11336.5 2.16308e-05 
997 1911.81 11334.5 2.25231e-05 
998 1913.74 11332.6 2.21793e-05 
999 1915.67 11330.7 2.50077e-05 
