0 0.0412562 13246.3 5.714e-09 
1 0.164956 13246.2 -2.51887e-08 
2 0.370875 13246.1 1.26085e-08 
3 0.658615 13245.8 1.06783e-08 
4 1.02761 13245.5 5.43502e-08 
5 1.47712 13245.1 4.05802e-08 
6 2.00624 13244.6 6.71649e-08 
7 2.61391 13244 1.86908e-08 
8 3.29891 13243.4 5.11915e-08 
9 4.05989 13242.7 -1.78025e-08 
10 4.89532 13241.9 5.27091e-08 
11 5.80356 13241 3.60829e-08 
12 6.78284 13240.1 6.62415e-08 
13 7.83127 13239.1 1.99809e-07 
14 8.94684 13238 2.9088e-07 
15 10.1274 13236.8 4.04835e-07 
16 11.3709 13235.6 3.29431e-07 
17 12.6748 13234.4 8.134e-08 
18 14.037 13233 -2.43633e-07 
19 15.4549 13231.6 -1.27282e-07 
20 16.9261 13230.2 4.36838e-07 
21 18.448 13228.7 6.73863e-07 
22 20.018 13227.2 8.80994e-07 
23 21.6337 13225.6 7.48319e-07 
24 23.2923 13224 6.61994e-07 
25 24.9913 13222.3 8.39945e-07 
26 26.7281 13220.6 9.62362e-07 
27 28.5003 13218.9 1.27581e-06 
28 30.3052 13217.1 1.36929e-06 
29 32.1404 13215.3 9.73336e-07 
30 34.0035 13213.4 9.79665e-07 
31 35.8921 13211.6 1.05101e-06 
32 37.8038 13209.7 1.29562e-06 
33 39.7365 13207.8 1.85379e-06 
34 41.6879 13205.9 2.10995e-06 
35 43.6559 13203.9 1.79246e-06 
36 45.6387 13201.9 1.97098e-06 
37 47.6344 13200 2.62946e-06 
38 49.6413 13198 3.36794e-06 
39 51.6577 13196 3.94713e-06 
40 53.682 13194 4.02366e-06 
41 55.713 13192 4.23875e-06 
42 57.7491 13190 4.69772e-06 
43 59.7891 13187.9 4.56441e-06 
44 61.8317 13185.9 4.48654e-06 
45 63.876 13183.9 4.43488e-06 
46 65.9208 13181.9 4.03527e-06 
47 67.9654 13179.8 4.02993e-06 
48 70.0089 13177.8 3.90456e-06 
49 72.0509 13175.8 4.0245e-06 
50 74.0907 13173.8 4.66146e-06 
51 76.1279 13171.8 5.95734e-06 
52 78.1622 13169.7 6.74629e-06 
53 80.1931 13167.7 7.23505e-06 
54 82.2205 13165.7 8.18477e-06 
55 84.2441 13163.7 8.9631e-06 
56 86.2638 13161.7 9.0162e-06 
57 88.2794 13159.7 8.38644e-06 
58 90.2909 13157.7 8.22631e-06 
59 92.298 13155.7 8.47571e-06 
60 94.3008 13153.7 8.47059e-06 
61 96.2993 13151.7 8.28799e-06 
62 98.2935 13149.8 8.1351e-06 
63 100.284 13147.8 7.77648e-06 
64 102.27 13145.8 7.17966e-06 
65 104.252 13143.9 7.50001e-06 
66 106.231 13141.9 7.22778e-06 
67 108.205 13139.9 6.91993e-06 
68 110.177 13138 7.69051e-06 
69 112.145 13136 7.72924e-06 
70 114.11 13134.1 7.63249e-06 
71 116.072 13132.1 7.87933e-06 
72 118.031 13130.2 8.5251e-06 
73 119.987 13128.2 8.62099e-06 
74 121.941 13126.3 8.45029e-06 
75 123.892 13124.4 8.69396e-06 
76 125.841 13122.4 8.40332e-06 
77 127.787 13120.5 7.5782e-06 
78 129.731 13118.6 6.66744e-06 
79 131.672 13116.6 5.9745e-06 
80 133.612 13114.7 5.88098e-06 
81 135.55 13112.8 5.54249e-06 
82 137.486 13110.9 4.46837e-06 
83 139.421 13108.9 4.1865e-06 
84 141.354 13107 4.1671e-06 
85 143.286 13105.1 3.68114e-06 
86 145.218 13103.2 2.78888e-06 
87 147.149 13101.3 2.41415e-06 
88 149.079 13099.3 2.34913e-06 
89 151.008 13097.4 1.52152e-06 
90 152.937 13095.5 3.09609e-07 
91 154.866 13093.6 -3.1962e-07 
92 156.795 13091.7 8.5665e-08 
93 158.723 13089.8 7.64605e-07 
94 160.651 13087.8 4.49122e-07 
95 162.58 13085.9 -1.40442e-07 
96 164.509 13084 1.61559e-07 
97 166.438 13082.1 -3.24884e-07 
98 168.367 13080.2 -9.49868e-07 
99 170.296 13078.3 -9.8118e-07 
100 172.226 13076.3 -5.80295e-07 
101 174.156 13074.4 -1.50252e-07 
102 176.086 13072.5 -5.48033e-08 
103 178.017 13070.6 -1.57714e-07 
104 179.947 13068.7 -3.18101e-07 
105 181.878 13066.8 -4.74914e-07 
106 183.81 13064.8 -1.57913e-06 
107 185.741 13062.9 -2.57277e-06 
108 187.672 13061 -2.89743e-06 
109 189.604 13059.1 -1.7267e-06 
110 191.536 13057.2 4.28005e-07 
111 193.468 13055.2 1.20991e-06 
112 195.4 13053.3 -3.96029e-09 
113 197.333 13051.4 -8.41585e-07 
114 199.266 13049.5 6.23917e-07 
115 201.199 13047.5 1.42285e-06 
116 203.133 13045.6 2.24454e-06 
117 205.066 13043.7 3.12145e-06 
118 207.001 13041.8 3.0705e-06 
119 208.935 13039.9 3.45744e-06 
120 210.87 13037.9 4.0302e-06 
121 212.805 13036 4.03074e-06 
122 214.74 13034.1 4.32677e-06 
123 216.675 13032.2 4.43233e-06 
124 218.611 13030.2 3.65853e-06 
125 220.546 13028.3 4.21888e-06 
126 222.482 13026.4 5.59234e-06 
127 224.417 13024.5 5.82172e-06 
128 226.353 13022.5 5.51705e-06 
129 228.289 13020.6 5.64957e-06 
130 230.224 13018.7 6.51135e-06 
131 232.159 13016.8 6.54773e-06 
132 234.094 13014.8 5.57052e-06 
133 236.029 13012.9 4.9654e-06 
134 237.964 13011 4.89576e-06 
135 239.898 13009.1 5.41207e-06 
136 241.832 13007.1 6.82401e-06 
137 243.766 13005.2 8.22104e-06 
138 245.698 13003.3 9.24942e-06 
139 247.631 13001.4 9.85508e-06 
140 249.562 12999.4 9.70768e-06 
141 251.493 12997.5 9.9493e-06 
142 253.423 12995.6 9.77532e-06 
143 255.352 12993.7 8.95484e-06 
144 257.28 12991.8 8.95664e-06 
145 259.207 12989.9 8.98311e-06 
146 261.133 12987.9 8.43723e-06 
147 263.058 12986 7.72562e-06 
148 264.982 12984.1 7.69427e-06 
149 266.905 12982.2 8.29393e-06 
150 268.827 12980.3 9.7232e-06 
151 270.747 12978.4 9.60599e-06 
152 272.667 12976.5 8.08419e-06 
153 274.585 12974.5 7.35579e-06 
154 276.502 12972.6 6.63814e-06 
155 278.418 12970.7 6.14547e-06 
156 280.332 12968.8 5.44294e-06 
157 282.246 12966.9 4.68006e-06 
158 284.158 12965 4.67598e-06 
159 286.069 12963.1 4.5004e-06 
160 287.979 12961.2 3.89042e-06 
161 289.887 12959.3 4.34013e-06 
162 291.795 12957.4 5.49655e-06 
163 293.702 12955.5 5.62672e-06 
164 295.607 12953.6 4.89244e-06 
165 297.511 12951.7 4.36225e-06 
166 299.415 12949.8 4.21228e-06 
167 301.317 12947.9 5.0749e-06 
168 303.219 12946 5.83919e-06 
169 305.12 12944.2 4.38249e-06 
170 307.02 12942.3 3.21191e-06 
171 308.92 12940.4 3.67722e-06 
172 310.818 12938.5 5.73132e-06 
173 312.717 12936.6 6.96868e-06 
174 314.614 12934.7 6.84775e-06 
175 316.511 12932.8 5.62932e-06 
176 318.408 12930.9 5.67693e-06 
177 320.305 12929 6.19796e-06 
178 322.201 12927.2 5.8629e-06 
179 324.096 12925.3 6.06721e-06 
180 325.992 12923.4 5.99211e-06 
181 327.887 12921.5 5.71281e-06 
182 329.782 12919.6 5.81009e-06 
183 331.677 12917.7 5.56424e-06 
184 333.572 12915.8 5.28136e-06 
185 335.467 12913.9 6.808e-06 
186 337.362 12912.1 7.96434e-06 
187 339.257 12910.2 8.0591e-06 
188 341.152 12908.3 8.46498e-06 
189 343.047 12906.4 7.55652e-06 
190 344.942 12904.5 6.37899e-06 
191 346.838 12902.6 6.65198e-06 
192 348.733 12900.7 6.58533e-06 
193 350.629 12898.8 4.89105e-06 
194 352.525 12897 2.99046e-06 
195 354.421 12895.1 2.56545e-06 
196 356.317 12893.2 2.63814e-06 
197 358.214 12891.3 3.31429e-06 
198 360.11 12889.4 3.8351e-06 
199 362.007 12887.5 4.44692e-06 
200 363.905 12885.6 4.38888e-06 
201 365.802 12883.7 5.19663e-06 
202 367.7 12881.9 6.11672e-06 
203 369.597 12880 6.05855e-06 
204 371.495 12878.1 5.7392e-06 
205 373.393 12876.2 3.69155e-06 
206 375.291 12874.3 2.86279e-06 
207 377.19 12872.4 4.06394e-06 
208 379.088 12870.5 3.7749e-06 
209 380.987 12868.6 2.43923e-06 
210 382.885 12866.7 1.21555e-06 
211 384.784 12864.8 -2.53304e-06 
212 386.682 12862.9 -6.02757e-06 
213 388.581 12861.1 -6.98657e-06 
214 390.479 12859.2 -7.86416e-06 
215 392.378 12857.3 -9.62457e-06 
216 394.276 12855.4 -1.10526e-05 
217 396.174 12853.5 -1.07547e-05 
218 398.072 12851.6 -9.96348e-06 
219 399.97 12849.7 -1.13155e-05 
220 401.867 12847.8 -1.27253e-05 
221 403.764 12845.9 -1.27776e-05 
222 405.662 12844 -1.21283e-05 
223 407.558 12842.2 -9.47821e-06 
224 409.455 12840.3 -6.12829e-06 
225 411.351 12838.4 -3.94228e-06 
226 413.247 12836.5 -3.15748e-06 
227 415.143 12834.6 -1.76944e-06 
228 417.039 12832.7 -1.2378e-07 
229 418.934 12830.8 3.05281e-07 
230 420.829 12828.9 -8.81871e-07 
231 422.724 12827.1 -2.04722e-06 
232 424.619 12825.2 -3.22847e-06 
233 426.513 12823.3 -5.02818e-06 
234 428.407 12821.4 -5.96958e-06 
235 430.301 12819.5 -6.5994e-06 
236 432.195 12817.6 -7.34459e-06 
237 434.089 12815.7 -7.07273e-06 
238 435.982 12813.8 -6.30862e-06 
239 437.876 12812 -7.47726e-06 
240 439.769 12810.1 -8.05665e-06 
241 441.662 12808.2 -7.59049e-06 
242 443.555 12806.3 -7.26048e-06 
243 445.448 12804.4 -6.65639e-06 
244 447.341 12802.5 -5.84229e-06 
245 449.234 12800.6 -5.44106e-06 
246 451.127 12798.8 -4.87725e-06 
247 453.02 12796.9 -4.96846e-06 
248 454.913 12795 -5.53155e-06 
249 456.806 12793.1 -5.37744e-06 
250 458.699 12791.2 -4.77908e-06 
251 460.592 12789.3 -4.68979e-06 
252 462.485 12787.4 -5.2706e-06 
253 464.378 12785.6 -4.56667e-06 
254 466.271 12783.7 -3.94408e-06 
255 468.164 12781.8 -4.37996e-06 
256 470.057 12779.9 -4.96851e-06 
257 471.95 12778 -6.79349e-06 
258 473.844 12776.1 -7.39454e-06 
259 475.737 12774.2 -9.17476e-06 
260 477.63 12772.4 -1.14935e-05 
261 479.523 12770.5 -1.12735e-05 
262 481.417 12768.6 -1.0017e-05 
263 483.31 12766.7 -9.235e-06 
264 485.203 12764.8 -7.68516e-06 
265 487.097 12762.9 -6.82307e-06 
266 488.99 12761 -6.81663e-06 
267 490.884 12759.1 -6.10731e-06 
268 492.777 12757.3 -7.07948e-06 
269 494.67 12755.4 -7.70726e-06 
270 496.564 12753.5 -8.37106e-06 
271 498.457 12751.6 -8.3747e-06 
272 500.35 12749.7 -5.85281e-06 
273 502.243 12747.8 -4.82269e-06 
274 504.136 12745.9 -6.27754e-06 
275 506.029 12744.1 -7.99197e-06 
276 507.922 12742.2 -9.66837e-06 
277 509.815 12740.3 -1.01712e-05 
278 511.708 12738.4 -9.27999e-06 
279 513.6 12736.5 -9.19161e-06 
280 515.493 12734.6 -7.05931e-06 
281 517.385 12732.7 -4.37585e-06 
282 519.278 12730.9 -3.08735e-06 
283 521.17 12729 -1.91276e-06 
284 523.062 12727.1 -2.62391e-06 
285 524.954 12725.2 -2.23672e-06 
286 526.846 12723.3 -9.7056e-07 
287 528.738 12721.4 -7.01168e-07 
288 530.63 12719.5 7.7003e-08 
289 532.522 12717.7 -8.68893e-07 
290 534.414 12715.8 -2.02365e-06 
291 536.305 12713.9 -4.02133e-06 
292 538.197 12712 -6.05301e-06 
293 540.089 12710.1 -5.41807e-06 
294 541.981 12708.2 -4.62651e-06 
295 543.872 12706.3 -5.39804e-06 
296 545.764 12704.5 -7.85381e-06 
297 547.656 12702.6 -9.56601e-06 
298 549.548 12700.7 -9.49154e-06 
299 551.44 12698.8 -8.32023e-06 
300 553.332 12696.9 -6.42177e-06 
301 555.224 12695 -6.51991e-06 
302 557.117 12693.2 -8.01285e-06 
303 559.009 12691.3 -8.32205e-06 
304 560.902 12689.4 -7.23578e-06 
305 562.795 12687.5 -5.34785e-06 
306 564.688 12685.6 -3.32728e-06 
307 566.581 12683.7 -1.93168e-06 
308 568.474 12681.8 -5.12067e-07 
309 570.368 12679.9 3.94718e-07 
310 572.261 12678.1 6.30587e-07 
311 574.156 12676.2 4.7184e-07 
312 576.05 12674.3 -7.72341e-07 
313 577.944 12672.4 -1.45696e-06 
314 579.839 12670.5 -1.23196e-06 
315 581.734 12668.6 -5.02044e-07 
316 583.629 12666.7 -1.57614e-06 
317 585.525 12664.8 -3.55658e-06 
318 587.421 12663 -3.7567e-06 
319 589.317 12661.1 -2.94814e-06 
320 591.213 12659.2 -2.74248e-06 
321 593.109 12657.3 -4.28031e-06 
322 595.006 12655.4 -5.64594e-06 
323 596.903 12653.5 -5.03603e-06 
324 598.8 12651.6 -3.75188e-06 
325 600.697 12649.7 -3.67564e-06 
326 602.594 12647.8 -4.16998e-06 
327 604.492 12645.9 -4.09341e-06 
328 606.389 12644 -3.48027e-06 
329 608.287 12642.2 -3.76206e-06 
330 610.185 12640.3 -4.00926e-06 
331 612.083 12638.4 -4.25973e-06 
332 613.981 12636.5 -5.24296e-06 
333 615.878 12634.6 -6.00818e-06 
334 617.776 12632.7 -7.13761e-06 
335 619.674 12630.8 -7.39788e-06 
336 621.572 12628.9 -6.13008e-06 
337 623.47 12627 -4.60618e-06 
338 625.368 12625.1 -5.10155e-06 
339 627.266 12623.2 -6.50727e-06 
340 629.164 12621.3 -5.28418e-06 
341 631.062 12619.5 -4.56319e-06 
342 632.959 12617.6 -5.74854e-06 
343 634.857 12615.7 -5.90809e-06 
344 636.755 12613.8 -6.08574e-06 
345 638.652 12611.9 -6.93385e-06 
346 640.549 12610 -7.99255e-06 
347 642.446 12608.1 -7.39668e-06 
348 644.343 12606.2 -6.34102e-06 
349 646.24 12604.3 -6.61852e-06 
350 648.137 12602.4 -7.49341e-06 
351 650.034 12600.5 -8.15228e-06 
352 651.93 12598.7 -8.48385e-06 
353 653.826 12596.8 -7.93263e-06 
354 655.723 12594.9 -8.59161e-06 
355 657.619 12593 -9.28739e-06 
356 659.515 12591.1 -8.99288e-06 
357 661.411 12589.2 -7.92818e-06 
358 663.307 12587.3 -8.2527e-06 
359 665.202 12585.4 -1.02567e-05 
360 667.098 12583.5 -1.0123e-05 
361 668.994 12581.6 -9.21096e-06 
362 670.889 12579.8 -9.46146e-06 
363 672.785 12577.9 -1.05328e-05 
364 674.68 12576 -1.05805e-05 
365 676.575 12574.1 -1.05555e-05 
366 678.471 12572.2 -9.29114e-06 
367 680.366 12570.3 -5.69991e-06 
368 682.261 12568.4 -3.28138e-06 
369 684.157 12566.5 -3.292e-06 
370 686.052 12564.6 -4.48961e-06 
371 687.947 12562.7 -2.86459e-06 
372 689.842 12560.9 -1.53074e-07 
373 691.738 12559 7.19857e-07 
374 693.633 12557.1 1.22252e-06 
375 695.528 12555.2 -3.95546e-07 
376 697.423 12553.3 -2.4502e-06 
377 699.319 12551.4 -2.39955e-06 
378 701.214 12549.5 -3.27204e-06 
379 703.109 12547.6 -4.67792e-06 
380 705.005 12545.7 -4.40536e-06 
381 706.9 12543.9 -4.25552e-06 
382 708.796 12542 -2.48733e-06 
383 710.691 12540.1 -1.54636e-06 
384 712.587 12538.2 -1.90599e-06 
385 714.482 12536.3 6.31412e-07 
386 716.378 12534.4 3.27633e-06 
387 718.273 12532.5 3.33797e-06 
388 720.169 12530.6 2.4343e-06 
389 722.064 12528.7 2.89137e-06 
390 723.96 12526.8 4.04233e-06 
391 725.855 12525 3.52855e-06 
392 727.751 12523.1 3.17124e-06 
393 729.647 12521.2 2.99257e-06 
394 731.542 12519.3 2.53953e-06 
395 733.438 12517.4 3.66897e-06 
396 735.333 12515.5 4.99517e-06 
397 737.229 12513.6 4.52184e-06 
398 739.124 12511.7 3.86764e-06 
399 741.02 12509.8 4.39895e-06 
400 742.915 12507.9 6.05834e-06 
401 744.811 12506.1 6.75895e-06 
402 746.706 12504.2 7.8829e-06 
403 748.602 12502.3 9.99002e-06 
404 750.497 12500.4 9.85568e-06 
405 752.393 12498.5 9.18297e-06 
406 754.289 12496.6 8.77412e-06 
407 756.184 12494.7 8.92385e-06 
408 758.08 12492.8 1.00071e-05 
409 759.975 12490.9 9.78484e-06 
410 761.871 12489.1 6.70503e-06 
411 763.766 12487.2 5.74937e-06 
412 765.662 12485.3 7.71608e-06 
413 767.558 12483.4 9.28191e-06 
414 769.453 12481.5 1.04695e-05 
415 771.349 12479.6 9.7156e-06 
416 773.245 12477.7 7.42576e-06 
417 775.14 12475.8 5.83636e-06 
418 777.036 12473.9 6.32308e-06 
419 778.932 12472 6.97099e-06 
420 780.828 12470.1 4.15753e-06 
421 782.724 12468.3 1.3871e-06 
422 784.62 12466.4 1.91205e-06 
423 786.516 12464.5 2.31204e-06 
424 788.412 12462.6 2.70139e-06 
425 790.309 12460.7 3.55311e-06 
426 792.205 12458.8 3.29674e-06 
427 794.101 12456.9 1.16447e-06 
428 795.998 12455 7.46574e-07 
429 797.894 12453.1 2.70277e-06 
430 799.79 12451.2 4.31082e-06 
431 801.687 12449.4 4.54463e-06 
432 803.584 12447.5 4.19128e-06 
433 805.48 12445.6 2.8692e-06 
434 807.377 12443.7 3.0008e-06 
435 809.274 12441.8 4.90679e-06 
436 811.17 12439.9 6.2008e-06 
437 813.067 12438 8.07238e-06 
438 814.964 12436.1 8.90229e-06 
439 816.86 12434.2 7.79853e-06 
440 818.757 12432.3 7.3383e-06 
441 820.654 12430.4 5.15401e-06 
442 822.55 12428.5 4.0208e-06 
443 824.447 12426.7 4.52417e-06 
444 826.343 12424.8 4.10881e-06 
445 828.24 12422.9 4.0768e-06 
446 830.136 12421 3.0607e-06 
447 832.032 12419.1 5.27372e-06 
448 833.929 12417.2 8.589e-06 
449 835.825 12415.3 7.748e-06 
450 837.721 12413.4 5.33042e-06 
451 839.617 12411.5 3.37053e-06 
452 841.512 12409.6 1.4481e-06 
453 843.408 12407.8 1.15809e-06 
454 845.303 12405.9 2.14974e-06 
455 847.199 12404 1.50566e-06 
456 849.094 12402.1 8.1963e-07 
457 850.989 12400.2 -1.84469e-06 
458 852.884 12398.3 -5.66024e-06 
459 854.779 12396.4 -5.37928e-06 
460 856.673 12394.5 -4.67055e-06 
461 858.568 12392.6 -4.83898e-06 
462 860.462 12390.7 -3.67707e-06 
463 862.356 12388.9 -1.55927e-06 
464 864.25 12387 -8.87508e-07 
465 866.144 12385.1 1.10025e-06 
466 868.037 12383.2 2.54618e-06 
467 869.931 12381.3 -1.62636e-07 
468 871.825 12379.4 -2.40677e-06 
469 873.718 12377.5 -2.55809e-06 
470 875.611 12375.6 -9.51729e-07 
471 877.504 12373.7 -2.77533e-07 
472 879.397 12371.9 -1.26272e-06 
473 881.29 12370 -1.91511e-06 
474 883.183 12368.1 -2.40591e-06 
475 885.076 12366.2 -4.27528e-06 
476 886.969 12364.3 -3.48554e-06 
477 888.862 12362.4 -2.80308e-06 
478 890.755 12360.5 -4.21008e-06 
479 892.647 12358.6 -2.34357e-06 
480 894.54 12356.8 1.13166e-06 
481 896.433 12354.9 3.3617e-06 
482 898.326 12353 3.67202e-06 
483 900.218 12351.1 3.17895e-06 
484 902.111 12349.2 3.07899e-06 
485 904.004 12347.3 2.46786e-06 
486 905.897 12345.4 1.68639e-06 
487 907.79 12343.5 4.52005e-07 
488 909.683 12341.7 -1.51026e-08 
489 911.576 12339.8 1.50962e-07 
490 913.469 12337.9 1.43827e-06 
491 915.362 12336 4.47123e-06 
492 917.256 12334.1 6.29688e-06 
493 919.149 12332.2 7.77879e-06 
494 921.042 12330.3 8.34732e-06 
495 922.936 12328.4 7.16976e-06 
496 924.829 12326.6 6.93473e-06 
497 926.723 12324.7 7.72721e-06 
498 928.617 12322.8 9.59567e-06 
499 930.51 12320.9 1.08666e-05 
500 932.404 12319 9.88696e-06 
501 934.298 12317.1 8.19931e-06 
502 936.192 12315.2 7.82085e-06 
503 938.086 12313.3 7.8484e-06 
504 939.98 12311.4 6.73914e-06 
505 941.874 12309.6 5.25032e-06 
506 943.768 12307.7 3.46855e-06 
507 945.663 12305.8 2.51754e-06 
508 947.557 12303.9 4.20843e-06 
509 949.451 12302 4.994e-06 
510 951.345 12300.1 4.16997e-06 
511 953.239 12298.2 5.48484e-06 
512 955.134 12296.3 7.05164e-06 
513 957.028 12294.4 7.05011e-06 
514 958.922 12292.6 7.83951e-06 
515 960.817 12290.7 1.03704e-05 
516 962.711 12288.8 1.13488e-05 
517 964.605 12286.9 1.10229e-05 
518 966.5 12285 1.10795e-05 
519 968.394 12283.1 1.02398e-05 
520 970.288 12281.2 9.47937e-06 
521 972.183 12279.3 9.25935e-06 
522 974.077 12277.4 1.15868e-05 
523 975.971 12275.6 1.53505e-05 
524 977.865 12273.7 1.61782e-05 
525 979.76 12271.8 1.70131e-05 
526 981.654 12269.9 1.88793e-05 
527 983.548 12268 1.84464e-05 
528 985.442 12266.1 1.77293e-05 
529 987.336 12264.2 1.81277e-05 
530 989.23 12262.3 1.92555e-05 
531 991.125 12260.4 1.86119e-05 
532 993.019 12258.5 1.81865e-05 
533 994.913 12256.7 2.00442e-05 
534 996.807 12254.8 2.11791e-05 
535 998.701 12252.9 2.15411e-05 
536 1000.6 12251 2.06599e-05 
537 1002.49 12249.1 1.90566e-05 
538 1004.38 12247.2 1.85342e-05 
539 1006.28 12245.3 1.78505e-05 
540 1008.17 12243.4 1.55341e-05 
541 1010.07 12241.5 1.34218e-05 
542 1011.96 12239.7 1.26438e-05 
543 1013.85 12237.8 1.12685e-05 
544 1015.75 12235.9 1.19143e-05 
545 1017.64 12234 1.36695e-05 
546 1019.54 12232.1 1.33586e-05 
547 1021.43 12230.2 1.4816e-05 
548 1023.33 12228.3 1.56965e-05 
549 1025.22 12226.4 1.84492e-05 
550 1027.11 12224.5 2.2007e-05 
551 1029.01 12222.7 2.21984e-05 
552 1030.9 12220.8 2.04105e-05 
553 1032.8 12218.9 1.89045e-05 
554 1034.69 12217 1.96738e-05 
555 1036.59 12215.1 2.10501e-05 
556 1038.48 12213.2 2.39356e-05 
557 1040.37 12211.3 2.70915e-05 
558 1042.27 12209.4 2.67334e-05 
559 1044.16 12207.5 2.41504e-05 
560 1046.06 12205.6 2.25856e-05 
561 1047.95 12203.8 2.07874e-05 
562 1049.85 12201.9 1.93631e-05 
563 1051.74 12200 2.02433e-05 
564 1053.64 12198.1 2.50024e-05 
565 1055.53 12196.2 2.98567e-05 
566 1057.43 12194.3 3.19097e-05 
567 1059.32 12192.4 3.27655e-05 
568 1061.21 12190.5 3.08416e-05 
569 1063.11 12188.6 2.7427e-05 
570 1065 12186.8 2.59366e-05 
571 1066.9 12184.9 2.50126e-05 
572 1068.79 12183 2.4644e-05 
573 1070.69 12181.1 2.61071e-05 
574 1072.58 12179.2 2.57487e-05 
575 1074.48 12177.3 2.4715e-05 
576 1076.37 12175.4 2.51183e-05 
577 1078.26 12173.5 2.56778e-05 
578 1080.16 12171.6 2.7331e-05 
579 1082.05 12169.7 3.05089e-05 
580 1083.95 12167.9 3.36189e-05 
581 1085.84 12166 3.50838e-05 
582 1087.74 12164.1 3.4065e-05 
583 1089.63 12162.2 3.40628e-05 
584 1091.52 12160.3 3.38594e-05 
585 1093.42 12158.4 3.19918e-05 
586 1095.31 12156.5 3.24435e-05 
587 1097.21 12154.6 3.54232e-05 
588 1099.1 12152.7 3.73495e-05 
589 1101 12150.9 3.55426e-05 
590 1102.89 12149 3.51433e-05 
591 1104.78 12147.1 3.47336e-05 
592 1106.68 12145.2 3.26104e-05 
593 1108.57 12143.3 2.86591e-05 
594 1110.47 12141.4 2.5336e-05 
595 1112.36 12139.5 2.50392e-05 
596 1114.26 12137.6 2.42402e-05 
597 1116.15 12135.7 2.38477e-05 
598 1118.04 12133.8 2.57504e-05 
599 1119.94 12132 2.47201e-05 
600 1121.83 12130.1 2.11713e-05 
601 1123.73 12128.2 2.0286e-05 
602 1125.62 12126.3 2.05467e-05 
603 1127.52 12124.4 2.20407e-05 
604 1129.41 12122.5 2.20068e-05 
605 1131.31 12120.6 1.97119e-05 
606 1133.2 12118.7 1.89327e-05 
607 1135.1 12116.8 1.9634e-05 
608 1136.99 12114.9 2.0868e-05 
609 1138.88 12113.1 2.25686e-05 
610 1140.78 12111.2 2.52472e-05 
611 1142.67 12109.3 2.77486e-05 
612 1144.57 12107.4 2.9751e-05 
613 1146.46 12105.5 3.01227e-05 
614 1148.36 12103.6 2.82694e-05 
615 1150.25 12101.7 2.75963e-05 
616 1152.15 12099.8 2.69706e-05 
617 1154.04 12097.9 2.67003e-05 
618 1155.94 12096 2.86219e-05 
619 1157.83 12094.2 3.05438e-05 
620 1159.73 12092.3 3.09017e-05 
621 1161.62 12090.4 3.15301e-05 
622 1163.52 12088.5 3.2006e-05 
623 1165.41 12086.6 3.33595e-05 
624 1167.31 12084.7 3.37682e-05 
625 1169.21 12082.8 3.51588e-05 
626 1171.1 12080.9 3.93358e-05 
627 1173 12079 4.16963e-05 
628 1174.89 12077.1 4.1322e-05 
629 1176.79 12075.3 3.97487e-05 
630 1178.68 12073.4 3.81371e-05 
631 1180.58 12071.5 3.95008e-05 
632 1182.47 12069.6 4.35142e-05 
633 1184.37 12067.7 4.58442e-05 
634 1186.26 12065.8 4.66294e-05 
635 1188.16 12063.9 4.51734e-05 
636 1190.05 12062 4.54824e-05 
637 1191.95 12060.1 4.86282e-05 
638 1193.84 12058.2 5.09776e-05 
639 1195.74 12056.3 5.11827e-05 
640 1197.63 12054.5 4.84002e-05 
641 1199.53 12052.6 4.63673e-05 
642 1201.42 12050.7 4.6761e-05 
643 1203.32 12048.8 4.79429e-05 
644 1205.21 12046.9 4.58217e-05 
645 1207.11 12045 4.25476e-05 
646 1209 12043.1 4.35056e-05 
647 1210.9 12041.2 4.28997e-05 
648 1212.79 12039.3 3.97209e-05 
649 1214.69 12037.4 3.86659e-05 
650 1216.58 12035.6 3.64689e-05 
651 1218.48 12033.7 3.52315e-05 
652 1220.37 12031.8 3.78495e-05 
653 1222.27 12029.9 3.95484e-05 
654 1224.16 12028 3.83256e-05 
655 1226.06 12026.1 3.8175e-05 
656 1227.95 12024.2 3.82643e-05 
657 1229.85 12022.3 3.70871e-05 
658 1231.74 12020.4 3.44075e-05 
659 1233.64 12018.5 2.93271e-05 
660 1235.53 12016.7 2.71242e-05 
661 1237.43 12014.8 2.5699e-05 
662 1239.32 12012.9 2.45262e-05 
663 1241.22 12011 2.4856e-05 
664 1243.11 12009.1 2.36638e-05 
665 1245.01 12007.2 2.23173e-05 
666 1246.9 12005.3 2.03361e-05 
667 1248.8 12003.4 2.03679e-05 
668 1250.69 12001.5 2.25895e-05 
669 1252.59 11999.6 2.27055e-05 
670 1254.48 11997.7 2.11684e-05 
671 1256.38 11995.9 2.10848e-05 
672 1258.27 11994 2.21023e-05 
673 1260.17 11992.1 2.21818e-05 
674 1262.06 11990.2 2.5401e-05 
675 1263.96 11988.3 2.92423e-05 
676 1265.85 11986.4 3.26533e-05 
677 1267.75 11984.5 3.52904e-05 
678 1269.64 11982.6 3.59938e-05 
679 1271.54 11980.7 3.79301e-05 
680 1273.43 11978.8 4.03168e-05 
681 1275.33 11977 4.01085e-05 
682 1277.22 11975.1 3.76939e-05 
683 1279.12 11973.2 3.65612e-05 
684 1281.01 11971.3 3.73663e-05 
685 1282.91 11969.4 3.97776e-05 
686 1284.8 11967.5 4.16329e-05 
687 1286.7 11965.6 4.43322e-05 
688 1288.59 11963.7 4.75855e-05 
689 1290.48 11961.8 4.98504e-05 
690 1292.38 11959.9 5.20005e-05 
691 1294.27 11958 5.34933e-05 
692 1296.17 11956.2 5.36063e-05 
693 1298.06 11954.3 5.40536e-05 
694 1299.96 11952.4 5.51233e-05 
695 1301.85 11950.5 5.54565e-05 
696 1303.75 11948.6 5.44385e-05 
697 1305.64 11946.7 5.35578e-05 
698 1307.54 11944.8 5.56032e-05 
699 1309.43 11942.9 5.95463e-05 
700 1311.33 11941 6.08826e-05 
701 1313.22 11939.1 5.73571e-05 
702 1315.11 11937.3 5.52771e-05 
703 1317.01 11935.4 5.66259e-05 
704 1318.9 11933.5 5.59699e-05 
705 1320.8 11931.6 5.46648e-05 
706 1322.69 11929.7 5.61184e-05 
707 1324.59 11927.8 5.77342e-05 
708 1326.48 11925.9 5.60764e-05 
709 1328.38 11924 5.42969e-05 
710 1330.27 11922.1 5.31383e-05 
711 1332.17 11920.2 5.09324e-05 
712 1334.06 11918.4 4.87643e-05 
713 1335.95 11916.5 5.07504e-05 
714 1337.85 11914.6 5.4476e-05 
715 1339.74 11912.7 5.44956e-05 
716 1341.64 11910.8 5.31688e-05 
717 1343.53 11908.9 5.33328e-05 
718 1345.43 11907 5.25667e-05 
719 1347.32 11905.1 5.19089e-05 
720 1349.22 11903.2 5.22085e-05 
721 1351.11 11901.3 5.24444e-05 
722 1353.01 11899.5 5.31221e-05 
723 1354.9 11897.6 5.31927e-05 
724 1356.8 11895.7 5.12796e-05 
725 1358.69 11893.8 4.86644e-05 
726 1360.59 11891.9 4.65798e-05 
727 1362.48 11890 4.77484e-05 
728 1364.38 11888.1 4.70962e-05 
729 1366.27 11886.2 4.51033e-05 
730 1368.17 11884.3 4.54233e-05 
731 1370.06 11882.4 4.42786e-05 
732 1371.96 11880.5 4.543e-05 
733 1373.85 11878.7 4.74669e-05 
734 1375.75 11876.8 4.88235e-05 
735 1377.64 11874.9 5.16709e-05 
736 1379.54 11873 5.4239e-05 
737 1381.43 11871.1 5.42999e-05 
738 1383.33 11869.2 5.50172e-05 
739 1385.22 11867.3 5.73078e-05 
740 1387.12 11865.4 5.81373e-05 
741 1389.01 11863.5 5.70053e-05 
742 1390.91 11861.6 5.57069e-05 
743 1392.8 11859.8 5.43944e-05 
744 1394.7 11857.9 5.51599e-05 
745 1396.59 11856 5.7138e-05 
746 1398.49 11854.1 5.93997e-05 
747 1400.38 11852.2 6.06354e-05 
748 1402.28 11850.3 6.01944e-05 
749 1404.17 11848.4 6.02826e-05 
750 1406.07 11846.5 5.97926e-05 
751 1407.96 11844.6 6.12291e-05 
752 1409.86 11842.7 6.19294e-05 
753 1411.75 11840.8 6.38315e-05 
754 1413.65 11839 6.69498e-05 
755 1415.54 11837.1 6.61486e-05 
756 1417.44 11835.2 6.56714e-05 
757 1419.33 11833.3 6.42239e-05 
758 1421.23 11831.4 6.35942e-05 
759 1423.12 11829.5 6.61322e-05 
760 1425.02 11827.6 6.69952e-05 
761 1426.91 11825.7 6.54788e-05 
762 1428.81 11823.8 6.44188e-05 
763 1430.7 11821.9 6.39433e-05 
764 1432.59 11820.1 6.2953e-05 
765 1434.49 11818.2 6.28133e-05 
766 1436.38 11816.3 6.41475e-05 
767 1438.28 11814.4 6.62922e-05 
768 1440.17 11812.5 6.5749e-05 
769 1442.07 11810.6 6.3614e-05 
770 1443.96 11808.7 6.53882e-05 
771 1445.86 11806.8 6.66073e-05 
772 1447.75 11804.9 6.70314e-05 
773 1449.65 11803 6.63379e-05 
774 1451.54 11801.1 6.43375e-05 
775 1453.43 11799.3 6.66701e-05 
776 1455.33 11797.4 6.83548e-05 
777 1457.22 11795.5 6.83983e-05 
778 1459.12 11793.6 6.86388e-05 
779 1461.01 11791.7 7.01731e-05 
780 1462.91 11789.8 7.3916e-05 
781 1464.8 11787.9 7.55484e-05 
782 1466.7 11786 7.48532e-05 
783 1468.59 11784.1 7.4731e-05 
784 1470.48 11782.2 7.35326e-05 
785 1472.38 11780.4 7.13034e-05 
786 1474.27 11778.5 7.1422e-05 
787 1476.17 11776.6 7.20792e-05 
788 1478.06 11774.7 7.14488e-05 
789 1479.96 11772.8 7.32062e-05 
790 1481.85 11770.9 7.33822e-05 
791 1483.74 11769 7.27979e-05 
792 1485.64 11767.1 7.36467e-05 
793 1487.53 11765.2 7.34194e-05 
794 1489.43 11763.3 7.42765e-05 
795 1491.32 11761.5 7.47116e-05 
796 1493.22 11759.6 7.37244e-05 
797 1495.11 11757.7 7.41274e-05 
798 1497.01 11755.8 7.52746e-05 
799 1498.9 11753.9 7.62151e-05 
800 1500.79 11752 7.82543e-05 
801 1502.69 11750.1 8.02983e-05 
802 1504.58 11748.2 8.35824e-05 
803 1506.48 11746.3 8.47248e-05 
804 1508.37 11744.4 8.53815e-05 
805 1510.27 11742.6 8.61804e-05 
806 1512.16 11740.7 8.55777e-05 
807 1514.06 11738.8 8.65536e-05 
808 1515.95 11736.9 8.70856e-05 
809 1517.84 11735 8.76342e-05 
810 1519.74 11733.1 8.76307e-05 
811 1521.63 11731.2 8.54962e-05 
812 1523.53 11729.3 8.45029e-05 
813 1525.42 11727.4 8.4188e-05 
814 1527.32 11725.5 8.47174e-05 
815 1529.21 11723.7 8.66665e-05 
816 1531.11 11721.8 8.58162e-05 
817 1533 11719.9 8.20928e-05 
818 1534.9 11718 8.10112e-05 
819 1536.79 11716.1 8.12063e-05 
820 1538.69 11714.2 7.89577e-05 
821 1540.58 11712.3 8.08374e-05 
822 1542.47 11710.4 8.27328e-05 
823 1544.37 11708.5 7.97685e-05 
824 1546.26 11706.6 7.60789e-05 
825 1548.16 11704.7 7.29919e-05 
826 1550.05 11702.9 7.30777e-05 
827 1551.95 11701 7.44447e-05 
828 1553.84 11699.1 7.60283e-05 
829 1555.74 11697.2 7.79083e-05 
830 1557.63 11695.3 7.95543e-05 
831 1559.53 11693.4 8.00208e-05 
832 1561.42 11691.5 8.00124e-05 
833 1563.32 11689.6 8.00489e-05 
834 1565.21 11687.7 7.99197e-05 
835 1567.11 11685.8 8.02014e-05 
836 1569 11683.9 8.11675e-05 
837 1570.9 11682.1 8.13266e-05 
838 1572.79 11680.2 8.07428e-05 
839 1574.68 11678.3 8.14283e-05 
840 1576.58 11676.4 8.27245e-05 
841 1578.47 11674.5 8.49118e-05 
842 1580.37 11672.6 8.47212e-05 
843 1582.26 11670.7 8.41382e-05 
844 1584.16 11668.8 8.29058e-05 
845 1586.05 11666.9 8.15664e-05 
846 1587.95 11665 8.26874e-05 
847 1589.84 11663.2 8.20256e-05 
848 1591.74 11661.3 8.02721e-05 
849 1593.63 11659.4 7.80884e-05 
850 1595.53 11657.5 7.56071e-05 
851 1597.42 11655.6 7.62784e-05 
852 1599.32 11653.7 7.76674e-05 
853 1601.21 11651.8 7.65925e-05 
854 1603.1 11649.9 7.66037e-05 
855 1605 11648 7.67595e-05 
856 1606.89 11646.1 7.58683e-05 
857 1608.79 11644.2 7.65207e-05 
858 1610.68 11642.4 7.78567e-05 
859 1612.58 11640.5 7.92299e-05 
860 1614.47 11638.6 7.8836e-05 
861 1616.37 11636.7 7.68273e-05 
862 1618.26 11634.8 7.46224e-05 
863 1620.15 11632.9 7.13387e-05 
864 1622.05 11631 7.18239e-05 
865 1623.94 11629.1 7.55829e-05 
866 1625.84 11627.2 7.80367e-05 
867 1627.73 11625.3 7.757e-05 
868 1629.63 11623.5 7.75009e-05 
869 1631.52 11621.6 7.97947e-05 
870 1633.42 11619.7 8.04871e-05 
871 1635.31 11617.8 7.87071e-05 
872 1637.2 11615.9 7.78441e-05 
873 1639.1 11614 7.63831e-05 
874 1640.99 11612.1 7.32629e-05 
875 1642.89 11610.2 6.93675e-05 
876 1644.78 11608.3 6.60111e-05 
877 1646.68 11606.4 6.41546e-05 
878 1648.57 11604.6 6.25621e-05 
879 1650.47 11602.7 6.22405e-05 
880 1652.36 11600.8 6.19866e-05 
881 1654.25 11598.9 6.45062e-05 
882 1656.15 11597 6.69669e-05 
883 1658.04 11595.1 6.69866e-05 
884 1659.94 11593.2 6.63546e-05 
885 1661.83 11591.3 6.58694e-05 
886 1663.73 11589.4 6.79384e-05 
887 1665.62 11587.5 6.70913e-05 
888 1667.51 11585.7 6.35148e-05 
889 1669.41 11583.8 6.24309e-05 
890 1671.3 11581.9 6.34556e-05 
891 1673.2 11580 6.30177e-05 
892 1675.09 11578.1 5.85891e-05 
893 1676.99 11576.2 5.417e-05 
894 1678.88 11574.3 5.2869e-05 
895 1680.78 11572.4 5.27051e-05 
896 1682.67 11570.5 5.33177e-05 
897 1684.56 11568.6 5.17441e-05 
898 1686.46 11566.7 4.90979e-05 
899 1688.35 11564.9 4.85639e-05 
900 1690.25 11563 4.96662e-05 
901 1692.14 11561.1 5.23273e-05 
902 1694.04 11559.2 5.55382e-05 
903 1695.93 11557.3 5.71709e-05 
904 1697.83 11555.4 5.94083e-05 
905 1699.72 11553.5 6.09465e-05 
906 1701.62 11551.6 6.25053e-05 
907 1703.51 11549.7 6.50752e-05 
908 1705.4 11547.8 6.57524e-05 
909 1707.3 11546 6.4443e-05 
910 1709.19 11544.1 6.63886e-05 
911 1711.09 11542.2 6.75611e-05 
912 1712.98 11540.3 6.58303e-05 
913 1714.88 11538.4 6.69327e-05 
914 1716.77 11536.5 6.69672e-05 
915 1718.67 11534.6 6.50735e-05 
916 1720.56 11532.7 6.48045e-05 
917 1722.46 11530.8 6.30113e-05 
918 1724.35 11528.9 6.37855e-05 
919 1726.24 11527 6.60465e-05 
920 1728.14 11525.2 6.69338e-05 
921 1730.03 11523.3 6.82376e-05 
922 1731.93 11521.4 6.95868e-05 
923 1733.82 11519.5 7.15988e-05 
924 1735.72 11517.6 7.1359e-05 
925 1737.61 11515.7 6.57919e-05 
926 1739.51 11513.8 5.89042e-05 
927 1741.4 11511.9 5.51769e-05 
928 1743.3 11510 5.2947e-05 
929 1745.19 11508.1 5.33661e-05 
930 1747.09 11506.2 5.4448e-05 
931 1748.98 11504.4 5.71443e-05 
932 1750.87 11502.5 6.18426e-05 
933 1752.77 11500.6 6.43201e-05 
934 1754.66 11498.7 6.47295e-05 
935 1756.56 11496.8 6.44165e-05 
936 1758.45 11494.9 6.53397e-05 
937 1760.35 11493 6.84759e-05 
938 1762.24 11491.1 7.1085e-05 
939 1764.14 11489.2 7.26046e-05 
940 1766.03 11487.3 7.37881e-05 
941 1767.93 11485.5 7.11813e-05 
942 1769.82 11483.6 7.15508e-05 
943 1771.72 11481.7 7.40591e-05 
944 1773.61 11479.8 7.30645e-05 
945 1775.5 11477.9 7.32816e-05 
946 1777.4 11476 7.38983e-05 
947 1779.29 11474.1 7.2843e-05 
948 1781.19 11472.2 6.9724e-05 
949 1783.08 11470.3 6.64105e-05 
950 1784.98 11468.4 6.48618e-05 
951 1786.87 11466.5 6.40897e-05 
952 1788.77 11464.7 6.22248e-05 
953 1790.66 11462.8 5.87718e-05 
954 1792.56 11460.9 5.51367e-05 
955 1794.45 11459 5.506e-05 
956 1796.35 11457.1 5.66775e-05 
957 1798.24 11455.2 5.63789e-05 
958 1800.14 11453.3 5.5425e-05 
959 1802.03 11451.4 5.53207e-05 
960 1803.92 11449.5 5.39598e-05 
961 1805.82 11447.6 5.28973e-05 
962 1807.71 11445.7 4.89744e-05 
963 1809.61 11443.9 4.58379e-05 
964 1811.5 11442 4.5628e-05 
965 1813.4 11440.1 4.52183e-05 
966 1815.29 11438.2 4.38629e-05 
967 1817.19 11436.3 4.44727e-05 
968 1819.08 11434.4 4.63938e-05 
969 1820.98 11432.5 4.42745e-05 
970 1822.87 11430.6 4.38375e-05 
971 1824.77 11428.7 4.51541e-05 
972 1826.66 11426.8 4.694e-05 
973 1828.55 11425 4.90324e-05 
974 1830.45 11423.1 4.83686e-05 
975 1832.34 11421.2 4.83133e-05 
976 1834.24 11419.3 4.93691e-05 
977 1836.13 11417.4 4.8182e-05 
978 1838.03 11415.5 4.87146e-05 
979 1839.92 11413.6 5.17016e-05 
980 1841.82 11411.7 5.4617e-05 
981 1843.71 11409.8 5.80492e-05 
982 1845.61 11407.9 5.71565e-05 
983 1847.5 11406 5.21391e-05 
984 1849.4 11404.2 4.96935e-05 
985 1851.29 11402.3 5.02684e-05 
986 1853.19 11400.4 5.11755e-05 
987 1855.08 11398.5 5.31735e-05 
988 1856.98 11396.6 5.1426e-05 
989 1858.87 11394.7 4.7605e-05 
990 1860.76 11392.8 5.00368e-05 
991 1862.66 11390.9 5.12072e-05 
992 1864.55 11389 5.33101e-05 
993 1866.45 11387.1 5.72646e-05 
994 1868.34 11385.2 5.71699e-05 
995 1870.24 11383.4 5.62577e-05 
996 1872.13 11381.5 5.58075e-05 
997 1874.03 11379.6 5.62238e-05 
998 1875.92 11377.7 5.54492e-05 
999 1877.82 11375.8 5.47954e-05 
