0 0.0412591 13246.3 7.95673e-09 
1 0.164988 13246.2 9.18676e-09 
2 0.371013 13246 1.18695e-08 
3 0.658998 13245.7 4.64784e-08 
4 1.02846 13245.3 3.37368e-08 
5 1.47874 13244.9 6.41906e-08 
6 2.00905 13244.3 7.85842e-08 
7 2.61845 13243.7 -1.56378e-08 
8 3.30583 13243 -8.95609e-08 
9 4.06996 13242.3 -1.64637e-07 
10 4.90948 13241.4 -1.65638e-07 
11 5.82287 13240.5 -2.43105e-07 
12 6.80851 13239.5 -2.93841e-07 
13 7.86465 13238.5 -3.86746e-07 
14 8.98943 13237.4 -2.28077e-07 
15 10.1809 13236.2 -3.61324e-07 
16 11.4369 13234.9 -3.66005e-07 
17 12.7554 13233.6 -4.53791e-07 
18 14.1341 13232.2 -4.10707e-07 
19 15.5707 13230.8 -2.5827e-07 
20 17.0628 13229.3 -4.78862e-07 
21 18.6079 13227.7 -5.62499e-07 
22 20.2036 13226.1 -4.96678e-07 
23 21.8473 13224.5 -5.74568e-07 
24 23.5365 13222.8 -5.02058e-07 
25 25.2687 13221.1 -3.18744e-07 
26 27.0412 13219.3 -2.00044e-07 
27 28.8516 13217.5 -4.11591e-07 
28 30.6973 13215.7 -6.27576e-07 
29 32.5759 13213.8 -7.59387e-07 
30 34.4847 13211.9 -1.01807e-06 
31 36.4214 13209.9 -7.96141e-07 
32 38.3836 13208 -1.09121e-06 
33 40.369 13206 -1.3462e-06 
34 42.3751 13204 -1.68749e-06 
35 44.3999 13201.9 -1.81756e-06 
36 46.4413 13199.9 -1.97949e-06 
37 48.4973 13197.9 -2.18102e-06 
38 50.566 13195.8 -2.43146e-06 
39 52.6456 13193.7 -2.68369e-06 
40 54.7343 13191.6 -2.10946e-06 
41 56.8306 13189.5 -2.05058e-06 
42 58.9328 13187.4 -2.25394e-06 
43 61.0395 13185.3 -2.22284e-06 
44 63.1493 13183.2 -2.11239e-06 
45 65.2607 13181.1 -2.31809e-06 
46 67.3727 13179 -2.48605e-06 
47 69.484 13176.9 -3.13888e-06 
48 71.5939 13174.8 -2.77889e-06 
49 73.7015 13172.6 -2.67293e-06 
50 75.806 13170.5 -2.76984e-06 
51 77.9068 13168.4 -2.90052e-06 
52 80.0033 13166.3 -2.54209e-06 
53 82.0949 13164.3 -2.28034e-06 
54 84.1813 13162.2 -2.41101e-06 
55 86.262 13160.1 -2.88348e-06 
56 88.3368 13158 -3.31333e-06 
57 90.4052 13155.9 -3.02458e-06 
58 92.4671 13153.9 -3.43572e-06 
59 94.5222 13151.8 -2.82766e-06 
60 96.5705 13149.8 -2.93911e-06 
61 98.6119 13147.7 -3.2573e-06 
62 100.646 13145.7 -3.78359e-06 
63 102.674 13143.7 -3.79437e-06 
64 104.695 13141.7 -4.40157e-06 
65 106.71 13139.6 -4.66649e-06 
66 108.718 13137.6 -4.6294e-06 
67 110.721 13135.6 -3.99693e-06 
68 112.717 13133.6 -3.88967e-06 
69 114.707 13131.6 -4.57235e-06 
70 116.692 13129.7 -4.63692e-06 
71 118.672 13127.7 -4.93381e-06 
72 120.646 13125.7 -4.16968e-06 
73 122.616 13123.7 -3.89074e-06 
74 124.581 13121.8 -3.06932e-06 
75 126.542 13119.8 -2.97369e-06 
76 128.498 13117.9 -3.26051e-06 
77 130.45 13115.9 -2.77717e-06 
78 132.399 13114 -3.18824e-06 
79 134.344 13112 -2.90887e-06 
80 136.285 13110.1 -2.95996e-06 
81 138.224 13108.1 -3.94686e-06 
82 140.16 13106.2 -4.09075e-06 
83 142.093 13104.3 -3.98133e-06 
84 144.025 13102.3 -3.84395e-06 
85 145.954 13100.4 -3.64781e-06 
86 147.883 13098.5 -3.75936e-06 
87 149.81 13096.5 -3.80025e-06 
88 151.735 13094.6 -3.74791e-06 
89 153.661 13092.7 -4.03516e-06 
90 155.585 13090.8 -4.34399e-06 
91 157.509 13088.8 -4.56758e-06 
92 159.434 13086.9 -5.11345e-06 
93 161.358 13085 -5.34163e-06 
94 163.282 13083.1 -5.81859e-06 
95 165.207 13081.1 -6.03153e-06 
96 167.132 13079.2 -5.56501e-06 
97 169.058 13077.3 -5.81198e-06 
98 170.985 13075.4 -5.55781e-06 
99 172.913 13073.4 -5.88142e-06 
100 174.842 13071.5 -5.93985e-06 
101 176.773 13069.6 -6.15327e-06 
102 178.704 13067.6 -6.06423e-06 
103 180.638 13065.7 -5.6747e-06 
104 182.573 13063.8 -6.61569e-06 
105 184.509 13061.8 -6.80521e-06 
106 186.447 13059.9 -7.40056e-06 
107 188.387 13058 -7.43809e-06 
108 190.328 13056 -7.48976e-06 
109 192.272 13054.1 -6.39066e-06 
110 194.217 13052.1 -6.27812e-06 
111 196.164 13050.2 -5.86593e-06 
112 198.114 13048.2 -5.67677e-06 
113 200.066 13046.3 -6.82737e-06 
114 202.019 13044.3 -7.17242e-06 
115 203.975 13042.4 -7.93786e-06 
116 205.934 13040.4 -7.63048e-06 
117 207.894 13038.5 -7.29991e-06 
118 209.857 13036.5 -7.23195e-06 
119 211.822 13034.5 -7.43898e-06 
120 213.789 13032.6 -7.95567e-06 
121 215.759 13030.6 -8.60131e-06 
122 217.73 13028.6 -9.02355e-06 
123 219.704 13026.6 -9.20322e-06 
124 221.679 13024.7 -8.80599e-06 
125 223.656 13022.7 -8.81501e-06 
126 225.635 13020.7 -9.04826e-06 
127 227.616 13018.7 -9.57274e-06 
128 229.598 13016.8 -9.55565e-06 
129 231.582 13014.8 -1.03323e-05 
130 233.567 13012.8 -9.3603e-06 
131 235.554 13010.8 -9.74306e-06 
132 237.542 13008.8 -1.00436e-05 
133 239.531 13006.8 -9.96177e-06 
134 241.522 13004.8 -8.99678e-06 
135 243.514 13002.8 -9.46948e-06 
136 245.507 13000.8 -1.01131e-05 
137 247.5 12998.9 -1.0652e-05 
138 249.495 12996.9 -1.08945e-05 
139 251.49 12994.9 -1.169e-05 
140 253.485 12992.9 -1.15823e-05 
141 255.48 12990.9 -1.20023e-05 
142 257.476 12988.9 -1.15864e-05 
143 259.471 12986.9 -1.25663e-05 
144 261.465 12984.9 -1.33208e-05 
145 263.459 12982.9 -1.26159e-05 
146 265.453 12980.9 -1.21816e-05 
147 267.445 12978.9 -1.19911e-05 
148 269.437 12976.9 -1.18319e-05 
149 271.427 12974.9 -1.25024e-05 
150 273.416 12972.9 -1.30768e-05 
151 275.403 12971 -1.2409e-05 
152 277.388 12969 -1.31545e-05 
153 279.37 12967 -1.18098e-05 
154 281.351 12965 -1.14157e-05 
155 283.328 12963 -1.16916e-05 
156 285.303 12961.1 -1.21229e-05 
157 287.274 12959.1 -1.20626e-05 
158 289.242 12957.1 -1.28028e-05 
159 291.206 12955.1 -1.36225e-05 
160 293.166 12953.2 -1.38813e-05 
161 295.121 12951.2 -1.40264e-05 
162 297.072 12949.3 -1.29489e-05 
163 299.018 12947.3 -1.29294e-05 
164 300.96 12945.4 -1.3364e-05 
165 302.896 12943.5 -1.33457e-05 
166 304.828 12941.5 -1.26285e-05 
167 306.754 12939.6 -1.27006e-05 
168 308.675 12937.7 -1.25128e-05 
169 310.591 12935.8 -1.21809e-05 
170 312.501 12933.9 -1.23606e-05 
171 314.407 12931.9 -1.08259e-05 
172 316.306 12930 -1.0915e-05 
173 318.2 12928.2 -1.00565e-05 
174 320.089 12926.3 -9.2562e-06 
175 321.973 12924.4 -8.59209e-06 
176 323.851 12922.5 -9.76317e-06 
177 325.724 12920.6 -9.86388e-06 
178 327.592 12918.8 -1.06885e-05 
179 329.456 12916.9 -1.04845e-05 
180 331.316 12915 -1.15191e-05 
181 333.171 12913.2 -1.11016e-05 
182 335.022 12911.3 -1.11184e-05 
183 336.87 12909.5 -1.14084e-05 
184 338.715 12907.6 -1.03865e-05 
185 340.557 12905.8 -1.04413e-05 
186 342.397 12904 -1.05457e-05 
187 344.234 12902.1 -1.09315e-05 
188 346.071 12900.3 -1.17422e-05 
189 347.907 12898.4 -1.13318e-05 
190 349.742 12896.6 -1.19239e-05 
191 351.577 12894.8 -1.18939e-05 
192 353.414 12892.9 -1.27701e-05 
193 355.251 12891.1 -1.30685e-05 
194 357.09 12889.3 -1.3405e-05 
195 358.931 12887.4 -1.35625e-05 
196 360.775 12885.6 -1.35116e-05 
197 362.623 12883.7 -1.38911e-05 
198 364.474 12881.9 -1.41545e-05 
199 366.329 12880 -1.22573e-05 
200 368.19 12878.2 -1.16219e-05 
201 370.055 12876.3 -1.17187e-05 
202 371.926 12874.4 -1.1424e-05 
203 373.804 12872.6 -1.12189e-05 
204 375.688 12870.7 -1.17998e-05 
205 377.58 12868.8 -1.24456e-05 
206 379.478 12866.9 -1.20268e-05 
207 381.385 12865 -1.17281e-05 
208 383.299 12863.1 -1.24242e-05 
209 385.222 12861.1 -1.2707e-05 
210 387.153 12859.2 -1.17695e-05 
211 389.092 12857.3 -1.18763e-05 
212 391.04 12855.3 -1.20326e-05 
213 392.996 12853.4 -1.19999e-05 
214 394.961 12851.4 -1.16679e-05 
215 396.934 12849.4 -1.21817e-05 
216 398.915 12847.4 -1.21709e-05 
217 400.905 12845.4 -1.11527e-05 
218 402.902 12843.5 -1.14504e-05 
219 404.907 12841.4 -1.16411e-05 
220 406.918 12839.4 -1.04689e-05 
221 408.936 12837.4 -1.04862e-05 
222 410.96 12835.4 -1.00033e-05 
223 412.99 12833.4 -9.91264e-06 
224 415.023 12831.3 -1.04149e-05 
225 417.061 12829.3 -1.04147e-05 
226 419.101 12827.3 -1.03691e-05 
227 421.144 12825.2 -1.01537e-05 
228 423.188 12823.2 -1.057e-05 
229 425.233 12821.1 -1.00255e-05 
230 427.277 12819.1 -1.19695e-05 
231 429.321 12817 -1.25095e-05 
232 431.362 12815 -1.28357e-05 
233 433.401 12813 -1.40224e-05 
234 435.435 12810.9 -1.35245e-05 
235 437.466 12808.9 -1.24008e-05 
236 439.492 12806.9 -1.32464e-05 
237 441.511 12804.8 -1.31968e-05 
238 443.524 12802.8 -1.32563e-05 
239 445.529 12800.8 -1.35723e-05 
240 447.527 12798.8 -1.15636e-05 
241 449.515 12796.8 -1.16521e-05 
242 451.495 12794.9 -1.1133e-05 
243 453.464 12792.9 -1.19599e-05 
244 455.424 12790.9 -1.14385e-05 
245 457.374 12789 -1.08958e-05 
246 459.313 12787 -1.03365e-05 
247 461.241 12785.1 -8.89005e-06 
248 463.159 12783.2 -7.89293e-06 
249 465.066 12781.3 -9.45338e-06 
250 466.962 12779.4 -8.78005e-06 
251 468.848 12777.5 -8.79939e-06 
252 470.724 12775.6 -8.94546e-06 
253 472.589 12773.8 -1.01062e-05 
254 474.445 12771.9 -9.1933e-06 
255 476.292 12770.1 -8.53223e-06 
256 478.13 12768.2 -8.7477e-06 
257 479.96 12766.4 -8.66635e-06 
258 481.783 12764.6 -9.11834e-06 
259 483.598 12762.8 -8.96306e-06 
260 485.408 12760.9 -8.8399e-06 
261 487.213 12759.1 -9.48779e-06 
262 489.013 12757.3 -9.8128e-06 
263 490.81 12755.5 -1.08433e-05 
264 492.604 12753.8 -1.08822e-05 
265 494.396 12752 -1.04727e-05 
266 496.187 12750.2 -9.92082e-06 
267 497.978 12748.4 -1.09449e-05 
268 499.771 12746.6 -9.63175e-06 
269 501.565 12744.8 -9.14382e-06 
270 503.362 12743 -9.88466e-06 
271 505.163 12741.2 -8.96447e-06 
272 506.969 12739.4 -9.20113e-06 
273 508.781 12737.6 -9.48497e-06 
274 510.6 12735.8 -1.01115e-05 
275 512.426 12733.9 -1.00704e-05 
276 514.26 12732.1 -1.06916e-05 
277 516.102 12730.3 -1.04712e-05 
278 517.955 12728.4 -1.08855e-05 
279 519.817 12726.5 -9.99691e-06 
280 521.69 12724.7 -1.08886e-05 
281 523.574 12722.8 -1.20865e-05 
282 525.47 12720.9 -1.10889e-05 
283 527.378 12719 -1.32016e-05 
284 529.297 12717.1 -1.32116e-05 
285 531.228 12715.1 -1.41159e-05 
286 533.172 12713.2 -1.46762e-05 
287 535.128 12711.2 -1.42034e-05 
288 537.095 12709.3 -1.5235e-05 
289 539.074 12707.3 -1.51467e-05 
290 541.065 12705.3 -1.54425e-05 
291 543.066 12703.3 -1.54404e-05 
292 545.077 12701.3 -1.60439e-05 
293 547.097 12699.3 -1.58115e-05 
294 549.126 12697.2 -1.43598e-05 
295 551.164 12695.2 -1.36835e-05 
296 553.208 12693.1 -1.42307e-05 
297 555.258 12691.1 -1.49048e-05 
298 557.313 12689 -1.56226e-05 
299 559.373 12687 -1.60211e-05 
300 561.435 12684.9 -1.69125e-05 
301 563.499 12682.9 -1.73554e-05 
302 565.564 12680.8 -1.76782e-05 
303 567.629 12678.7 -1.76021e-05 
304 569.692 12676.7 -1.75662e-05 
305 571.752 12674.6 -1.74784e-05 
306 573.808 12672.5 -1.70368e-05 
307 575.859 12670.5 -1.85209e-05 
308 577.903 12668.5 -1.81662e-05 
309 579.941 12666.4 -1.84028e-05 
310 581.969 12664.4 -1.7958e-05 
311 583.989 12662.4 -1.66112e-05 
312 585.999 12660.4 -1.83441e-05 
313 587.998 12658.4 -1.88975e-05 
314 589.987 12656.4 -1.89211e-05 
315 591.963 12654.4 -1.88538e-05 
316 593.928 12652.4 -1.92352e-05 
317 595.88 12650.5 -1.9251e-05 
318 597.82 12648.5 -1.86865e-05 
319 599.748 12646.6 -1.78129e-05 
320 601.662 12644.7 -1.83504e-05 
321 603.565 12642.8 -1.92969e-05 
322 605.455 12640.9 -2.04682e-05 
323 607.333 12639 -2.11594e-05 
324 609.2 12637.2 -2.02474e-05 
325 611.056 12635.3 -2.11577e-05 
326 612.901 12633.5 -2.13332e-05 
327 614.737 12631.6 -2.21389e-05 
328 616.564 12629.8 -2.14093e-05 
329 618.383 12628 -2.21778e-05 
330 620.195 12626.2 -2.1112e-05 
331 622.001 12624.4 -2.02499e-05 
332 623.801 12622.6 -2.06934e-05 
333 625.597 12620.8 -2.06696e-05 
334 627.39 12619 -2.20204e-05 
335 629.18 12617.2 -2.25838e-05 
336 630.97 12615.4 -2.32059e-05 
337 632.76 12613.6 -2.21326e-05 
338 634.552 12611.8 -2.17331e-05 
339 636.346 12610 -2.28528e-05 
340 638.143 12608.2 -2.26032e-05 
341 639.946 12606.4 -2.33032e-05 
342 641.754 12604.6 -2.317e-05 
343 643.569 12602.8 -2.18959e-05 
344 645.393 12601 -2.29733e-05 
345 647.225 12599.1 -2.14006e-05 
346 649.067 12597.3 -2.20775e-05 
347 650.92 12595.4 -2.16101e-05 
348 652.785 12593.6 -2.15278e-05 
349 654.662 12591.7 -2.09307e-05 
350 656.552 12589.8 -2.1116e-05 
351 658.455 12587.9 -2.08557e-05 
352 660.372 12586 -2.05189e-05 
353 662.304 12584.1 -1.96207e-05 
354 664.25 12582.1 -2.04086e-05 
355 666.211 12580.1 -2.16215e-05 
356 668.186 12578.2 -1.96583e-05 
357 670.177 12576.2 -2.00005e-05 
358 672.182 12574.2 -2.03376e-05 
359 674.201 12572.2 -2.028e-05 
360 676.235 12570.1 -1.99796e-05 
361 678.282 12568.1 -2.09391e-05 
362 680.342 12566 -1.77648e-05 
363 682.414 12563.9 -1.70212e-05 
364 684.499 12561.9 -1.71122e-05 
365 686.594 12559.8 -1.7118e-05 
366 688.7 12557.7 -1.73309e-05 
367 690.814 12555.5 -1.84883e-05 
368 692.936 12553.4 -1.7815e-05 
369 695.064 12551.3 -1.75646e-05 
370 697.197 12549.2 -1.85922e-05 
371 699.334 12547 -2.05137e-05 
372 701.472 12544.9 -2.13175e-05 
373 703.611 12542.7 -2.12092e-05 
374 705.748 12540.6 -2.10228e-05 
375 707.882 12538.5 -2.18519e-05 
376 710.011 12536.3 -2.24814e-05 
377 712.134 12534.2 -2.23829e-05 
378 714.25 12532.1 -2.17363e-05 
